t,x,u,γp,τ
0.0,0.0,0.0,-0.0,0.0
0.01010101,0.0,0.0,0.0,34.401203
0.02020202,0.0,0.0,0.0,65.79028
0.030303031,0.0,0.0,0.0,84.695145
0.04040404,0.0,0.0,0.0,96.87451
0.05050505,0.0,0.0,0.0,102.549835
0.060606062,0.0,0.0,0.0,104.00004
0.07070707,0.0,0.0,0.0,104.60453
0.08080808,0.0,0.0,0.0,105.54604
0.09090909,0.0,0.0,0.0,106.4786
0.1010101,0.0,0.0,0.0,107.338905
0.11111111,0.0,0.0,0.0,108.33264
0.121212125,0.0,0.0,0.0,109.49116
0.13131313,0.0,0.0,0.0,110.15254
0.14141414,0.0,0.0,0.0,111.23944
0.15151516,0.0,0.0,0.0,112.016396
0.16161616,0.0,0.0,0.0,113.059425
0.17171717,0.0,0.0,0.0,113.687515
0.18181819,0.0,0.0,0.0,114.45923
0.1919192,0.0,0.0,0.0,115.38029
0.2020202,0.0,0.0,0.0,116.28475
0.21212122,0.0,0.0,0.0,117.16747
0.22222222,0.0,0.0,0.0,117.93805
0.23232323,0.0,0.0,0.0,118.9005
0.24242425,0.0,0.0,0.0,119.7958
0.25252524,0.0,0.0,0.0,120.32662
0.26262626,0.0,0.0,0.0,121.1977
0.27272728,0.0,0.0,0.0,122.413445
0.28282827,0.0,0.0,0.0,122.27325
0.2929293,0.0,0.0,0.0,123.04763
0.3030303,0.0,0.0,0.0,123.78673
0.3131313,0.0,0.0,0.0,124.78294
0.32323232,0.0,0.0,0.0,124.9857
0.33333334,0.0,0.0,0.0,125.78125
0.34343433,0.0,0.0,0.0,126.11466
0.35353535,0.0,0.0,0.0,126.88141
0.36363637,0.0,0.0,0.0,127.49634
0.37373737,0.0,0.0,0.0,127.831276
0.3838384,0.0,0.0,0.0,128.44086
0.3939394,0.0,0.0,0.0,129.7924
0.4040404,0.0,0.0,0.0,130.99442
0.41414142,0.0,0.0,0.0,131.63338
0.42424244,0.0,0.0,0.0,132.34482
0.43434343,0.0,0.0,0.0,132.24487
0.44444445,0.0,0.0,0.0,133.42705
0.45454547,0.0,0.0,0.0,133.82263
0.46464646,0.0,0.0,0.0,134.54741
0.47474748,0.0,0.0,0.0,136.3163
0.4848485,0.0,0.0,0.0,136.5509
0.4949495,0.0,0.0,0.0,137.61063
0.5050505,0.0,0.0,0.0,138.60474
0.5151515,0.0,0.0,0.0,138.82484
0.5252525,0.0,0.0,0.0,139.85022
0.53535354,0.0,0.0,0.0,140.17029
0.54545456,0.0,0.0,0.0,141.49437
0.5555556,0.0,0.0,0.0,141.61987
0.56565654,0.0,0.0,0.0,141.91054
0.57575756,0.0,0.0,0.0,142.43965
0.5858586,0.0,0.0,0.0,143.38303
0.5959596,0.0,0.0,0.0,144.08035
0.6060606,0.0,0.0,0.0,144.50645
0.61616164,0.0,0.0,0.0,145.03174
0.6262626,0.0,0.0,0.0,146.38863
0.6363636,0.0,0.0,0.0,146.37909
0.64646465,0.0,0.0,0.0,147.85423
0.65656567,0.0,0.0,0.0,148.26355
0.6666667,0.0,0.0,0.0,148.60458
0.67676765,0.0,0.0,0.0,149.51706
0.68686867,0.0,0.0,0.0,150.7286
0.6969697,0.0,0.0,0.0,151.12381
0.7070707,0.0,0.0,0.0,153.09067
0.7171717,0.0,0.0,0.0,152.83203
0.72727275,0.0,0.0,0.0,152.92892
0.7373737,0.0,0.0,0.0,155.06133
0.74747473,0.0,0.0,0.0,155.79605
0.75757575,0.0,0.0,0.0,157.65381
0.7676768,0.0,0.0,0.0,157.08847
0.7777778,0.0,0.0,0.0,158.8913
0.7878788,0.0,0.0,0.0,159.88083
0.7979798,0.0,0.0,0.0,160.15013
0.8080808,0.0,0.0,0.0,160.3302
0.8181818,0.0,0.0,0.0,162.01096
0.82828283,0.0,0.0,0.0,163.04092
0.83838385,0.0,0.0,0.0,164.3341
0.8484849,0.0,0.0,0.0,164.96048
0.85858583,0.0,0.0,0.0,165.36026
0.86868685,0.0,0.0,0.0,165.53497
0.8787879,0.0,0.0,0.0,166.7412
0.8888889,0.0,0.0,0.0,167.85277
0.8989899,0.0,0.0,0.0,169.53734
0.90909094,0.0,0.0,0.0,169.05823
0.9191919,0.0,0.0,0.0,169.22913
0.9292929,0.0,0.0,0.0,170.68175
0.93939394,0.0,0.0,0.0,171.0968
0.94949496,0.0,0.0,0.0,170.87936
0.959596,0.0,0.0,0.0,172.54561
0.969697,0.0,0.0,0.0,173.29253
0.97979796,0.0,0.0,0.0,174.31717
0.989899,0.0,0.0,0.0,173.00034
1.0,0.0,0.0,0.0,174.97406
0.0,0.01010101,0.0,-0.0,0.0
0.01010101,0.01010101,3.648255e-05,9.433115e-07,37.699028
0.02020202,0.01010101,6.9903515e-05,7.185776e-06,71.820915
0.030303031,0.01010101,9.015323e-05,6.358702e-05,87.48966
0.04040404,0.01010101,0.0001052654,0.00012656505,98.65922
0.05050505,0.01010101,0.00011358913,0.00019314725,102.92935
0.060606062,0.01010101,0.000118424105,0.0002589878,104.44388
0.07070707,0.01010101,0.00012230706,0.00032730296,104.71451
0.08080808,0.01010101,0.0001265797,0.00039100228,105.695694
0.09090909,0.01010101,0.00013043486,0.00044954277,106.65001
0.1010101,0.01010101,0.00013416306,0.0005044874,107.70302
0.11111111,0.01010101,0.0001380112,0.00055812154,108.92241
0.121212125,0.01010101,0.00014166012,0.0006112228,109.917755
0.13131313,0.01010101,0.00014530658,0.0006640788,110.88187
0.14141414,0.01010101,0.00014887392,0.0007167857,111.742645
0.15151516,0.01010101,0.00015235826,0.000769383,112.50584
0.16161616,0.01010101,0.00015585168,0.0008218811,113.29899
0.17171717,0.01010101,0.00015913963,0.00087429315,113.866
0.18181819,0.01010101,0.00016281843,0.0009266704,114.83233
0.1919192,0.01010101,0.00016613185,0.0009789484,115.43738
0.2020202,0.01010101,0.0001697801,0.0010311959,116.38658
0.21212122,0.01010101,0.00017292201,0.0010833665,116.83813
0.22222222,0.01010101,0.00017663091,0.0011355495,117.86854
0.23232323,0.01010101,0.0001801613,0.0011876995,118.731064
0.24242425,0.01010101,0.0001835531,0.0012398086,119.4466
0.25252524,0.01010101,0.00018735825,0.0012919409,120.602715
0.26262626,0.01010101,0.00019020215,0.0013439718,120.786766
0.27272728,0.01010101,0.00019398241,0.0013960813,121.92788
0.28282827,0.01010101,0.00019705444,0.0014481093,122.34433
0.2929293,0.01010101,0.00020062685,0.0015002007,123.27256
0.3030303,0.01010101,0.00020374179,0.0015522261,123.768196
0.3131313,0.01010101,0.0002069503,0.0016042795,124.34195
0.32323232,0.01010101,0.00020973771,0.0016562678,124.49664
0.33333334,0.01010101,0.00021318703,0.0017083298,125.326
0.34343433,0.01010101,0.00021685749,0.0017604176,126.360985
0.35353535,0.01010101,0.00022002726,0.0018124462,126.9157
0.36363637,0.01010101,0.00022329926,0.0018644843,127.5535
0.37373737,0.01010101,0.00022671878,0.001916529,128.36441
0.3838384,0.01010101,0.00022978157,0.0019685302,128.79669
0.3939394,0.01010101,0.0002330485,0.0020205504,129.4384
0.4040404,0.01010101,0.0002364689,0.0020725797,130.23738
0.41414142,0.01010101,0.00024004608,0.002124619,131.17714
0.42424244,0.01010101,0.00024364739,0.0021766706,132.12782
0.43434343,0.01010101,0.00024701565,0.0022286687,132.86823
0.44444445,0.01010101,0.00025101184,0.0022807394,134.22394
0.45454547,0.01010101,0.00025334267,0.0023326147,133.93533
0.46464646,0.01010101,0.00025733112,0.0023846603,135.27893
0.47474748,0.01010101,0.00026085763,0.002436654,136.1544
0.4848485,0.01010101,0.0002636334,0.0024885412,136.31432
0.4949495,0.01010101,0.00026780932,0.0025406023,137.82741
0.5050505,0.01010101,0.00027075468,0.0025925017,138.15723
0.5151515,0.01010101,0.00027338267,0.0026443508,138.1434
0.5252525,0.01010101,0.0002772814,0.0026963563,139.38113
0.53535354,0.01010101,0.0002802968,0.0027482419,139.77771
0.54545456,0.01010101,0.00028342305,0.0028001342,140.27057
0.5555556,0.01010101,0.00028682587,0.0028520606,141.0431
0.56565654,0.01010101,0.00028975008,0.0029039225,141.33449
0.57575756,0.01010101,0.00029310284,0.002955832,142.03465
0.5858586,0.01010101,0.0002969265,0.0030077896,143.22713
0.5959596,0.01010101,0.00030102013,0.0030597737,144.70555
0.6060606,0.01010101,0.00030368328,0.0031115906,144.75124
0.61616164,0.01010101,0.0003065169,0.0031634115,144.96988
0.6262626,0.01010101,0.00031016467,0.0032153376,145.97647
0.6363636,0.01010101,0.00031346022,0.0032672128,146.66035
0.64646465,0.01010101,0.00031663477,0.0033190695,147.21056
0.65656567,0.01010101,0.00032031952,0.0033709903,148.2461
0.6666667,0.01010101,0.00032416938,0.0034229273,149.44493
0.67676765,0.01010101,0.0003274536,0.003474793,150.11494
0.68686867,0.01010101,0.00032999157,0.0035265675,150.07187
0.6969697,0.01010101,0.00033399343,0.0035785055,151.38722
0.7070707,0.01010101,0.0003374624,0.0036303918,152.26295
0.7171717,0.01010101,0.0003410518,0.0036822828,153.19139
0.72727275,0.01010101,0.00034444212,0.003734144,153.97403
0.7373737,0.01010101,0.0003486812,0.0037861136,155.54437
0.74747473,0.01010101,0.00035265027,0.0038380485,156.90883
0.75757575,0.01010101,0.0003565931,0.0038899742,158.15958
0.7676768,0.01010101,0.00035863102,0.003941663,157.57448
0.7777778,0.01010101,0.0003627479,0.0039936085,159.06133
0.7878788,0.01010101,0.00036652444,0.004045512,160.22455
0.7979798,0.01010101,0.0003693354,0.00409729,160.40741
0.8080808,0.01010101,0.00037382304,0.0041492693,162.2363
0.8181818,0.01010101,0.0003768605,0.004201067,162.65846
0.82828283,0.01010101,0.00037914037,0.0042527737,162.31723
0.83838385,0.01010101,0.00038411556,0.00430481,164.66957
0.8484849,0.01010101,0.00038749276,0.0043566492,165.37434
0.85858583,0.01010101,0.000389843,0.0044083544,165.11287
0.86868685,0.01010101,0.00039401173,0.0044602863,166.64551
0.8787879,0.01010101,0.000396924,0.0045120595,166.95619
0.8888889,0.01010101,0.00040222943,0.0045641307,169.59938
0.8989899,0.01010101,0.0004037571,0.004615723,168.53506
0.90909094,0.01010101,0.00040763436,0.0046676053,169.81685
0.9191919,0.01010101,0.0004101902,0.0047193253,169.75603
0.9292929,0.01010101,0.00041398942,0.0047712014,170.88005
0.93939394,0.01010101,0.0004179716,0.0048230914,172.29062
0.94949496,0.01010101,0.00041924536,0.0048746434,170.94272
0.959596,0.01010101,0.0004231268,0.004926516,172.22203
0.969697,0.01010101,0.00042660654,0.004978344,173.02641
0.97979796,0.01010101,0.00042980848,0.005030131,173.64305
0.989899,0.01010101,0.00043402074,0.0050820443,175.24474
1.0,0.01010101,0.00043554304,0.0051336144,174.13841
0.0,0.02020202,0.0,-0.0,0.0
0.01010101,0.02020202,7.629446e-05,2.1359406e-06,40.820137
0.02020202,0.02020202,0.00014640705,1.6349273e-05,77.11926
0.030303031,0.02020202,0.00018977842,0.00013764457,89.33823
0.04040404,0.02020202,0.0002243314,0.0002562056,99.37823
0.05050505,0.02020202,0.0002469688,0.00038802266,102.93926
0.060606062,0.02020202,0.00026301615,0.00051734725,104.34715
0.07070707,0.02020202,0.00027726768,0.0006495152,104.52209
0.08080808,0.02020202,0.00029214576,0.0007751707,105.439964
0.09090909,0.02020202,0.00030604884,0.00089096883,106.61867
0.1010101,0.02020202,0.00031974434,0.0010001722,108.12846
0.11111111,0.02020202,0.00033234328,0.0011067395,109.17764
0.121212125,0.02020202,0.0003448659,0.0012123169,110.16213
0.13131313,0.02020202,0.0003578633,0.0013174339,111.336555
0.14141414,0.02020202,0.0003695476,0.0014221558,111.816536
0.15151516,0.02020202,0.0003821355,0.0015267953,112.72831
0.16161616,0.02020202,0.00039429634,0.0016311132,113.434364
0.17171717,0.02020202,0.0004066792,0.0017353361,114.259964
0.18181819,0.02020202,0.00041820586,0.0018393655,114.65176
0.1919192,0.02020202,0.00043040185,0.0019433259,115.392494
0.2020202,0.02020202,0.00044282526,0.0020471734,116.255226
0.21212122,0.02020202,0.00045489788,0.0021509402,116.97996
0.22222222,0.02020202,0.00046690434,0.0022546046,117.67011
0.23232323,0.02020202,0.00047898886,0.0023582384,118.43003
0.24242425,0.02020202,0.0004908904,0.00246185,119.06989
0.25252524,0.02020202,0.00050304324,0.0025654065,119.86871
0.26262626,0.02020202,0.0005147135,0.0026689132,120.44851
0.27272728,0.02020202,0.00052710203,0.0027724716,121.38521
0.28282827,0.02020202,0.0005388552,0.0028759465,122.02761
0.2929293,0.02020202,0.0005510646,0.0029794767,122.899635
0.3030303,0.02020202,0.0005631763,0.0030829788,123.709465
0.3131313,0.02020202,0.0005741835,0.0031863824,123.96015
0.32323232,0.02020202,0.0005864358,0.0032899012,124.9088
0.33333334,0.02020202,0.00059774576,0.0033933013,125.34484
0.34343433,0.02020202,0.00060924113,0.0034967514,125.86105
0.35353535,0.02020202,0.00062129914,0.003600219,126.68904
0.36363637,0.02020202,0.00063305435,0.0037036643,127.34605
0.37373737,0.02020202,0.00064568815,0.0038071973,128.4421
0.3838384,0.02020202,0.0006565517,0.003910533,128.65327
0.3939394,0.02020202,0.0006706756,0.004014213,130.45947
0.4040404,0.02020202,0.00068122084,0.004117488,130.5135
0.41414142,0.02020202,0.00069346366,0.004220919,131.42093
0.42424244,0.02020202,0.00070514856,0.004324284,131.96347
0.43434343,0.02020202,0.0007173931,0.0044277078,132.88614
0.44444445,0.02020202,0.00072836457,0.004530958,133.1715
0.45454547,0.02020202,0.00074096676,0.004634376,134.22803
0.46464646,0.02020202,0.00075241266,0.0047376673,134.67622
0.47474748,0.02020202,0.000765453,0.0048411097,135.91772
0.4848485,0.02020202,0.000779829,0.0049446793,137.87173
0.4949495,0.02020202,0.00078788993,0.005047511,136.66455
0.5050505,0.02020202,0.0007999116,0.0051507996,137.4383
0.5151515,0.02020202,0.00081389426,0.005254285,139.13396
0.5252525,0.02020202,0.0008258092,0.005357518,139.85545
0.53535354,0.02020202,0.000836786,0.005460621,140.14882
0.54545456,0.02020202,0.000849421,0.0055639353,141.2053
0.5555556,0.02020202,0.0008605206,0.005667033,141.50082
0.56565654,0.02020202,0.00087147235,0.005770111,141.80186
0.57575756,0.02020202,0.00088324904,0.005873272,142.42633
0.5858586,0.02020202,0.0008943343,0.005976345,142.71773
0.5959596,0.02020202,0.0009082186,0.006079747,144.44278
0.6060606,0.02020202,0.0009186029,0.0061827214,144.4037
0.61616164,0.02020202,0.00093085883,0.0062859077,145.3822
0.6262626,0.02020202,0.0009431135,0.0063890945,146.25238
0.6363636,0.02020202,0.0009557259,0.006492316,147.30003
0.64646465,0.02020202,0.00096765516,0.006595449,148.07568
0.65656567,0.02020202,0.0009794724,0.006698557,148.67065
0.6666667,0.02020202,0.0009909379,0.006801619,149.28178
0.67676765,0.02020202,0.0010032415,0.006904778,150.20743
0.68686867,0.02020202,0.0010159516,0.007007994,151.30243
0.6969697,0.02020202,0.0010253084,0.0071107736,150.70755
0.7070707,0.02020202,0.0010384667,0.007214035,152.08461
0.7171717,0.02020202,0.0010524773,0.0073173693,153.81207
0.72727275,0.02020202,0.0010616279,0.00742013,153.16754
0.7373737,0.02020202,0.0010773658,0.0075236824,155.79607
0.74747473,0.02020202,0.0010903298,0.0076268963,157.00026
0.75757575,0.02020202,0.001100825,0.0077297916,156.94336
0.7676768,0.02020202,0.0011121213,0.007832796,157.45163
0.7777778,0.02020202,0.0011277938,0.007936332,160.0231
0.7878788,0.02020202,0.001136018,0.008038928,158.92694
0.7979798,0.02020202,0.0011476863,0.008141963,159.50426
0.8080808,0.02020202,0.0011626446,0.008245373,161.71391
0.8181818,0.02020202,0.001173383,0.008348286,161.87224
0.82828283,0.02020202,0.0011870777,0.008451552,163.49722
0.83838385,0.02020202,0.0011990999,0.008554602,164.24432
0.8484849,0.02020202,0.0012129676,0.00865787,165.84769
0.85858583,0.02020202,0.0012233102,0.008760701,165.8326
0.86868685,0.02020202,0.0012326121,0.008863408,165.29942
0.8787879,0.02020202,0.001248368,0.008966919,167.93832
0.8888889,0.02020202,0.001258378,0.009069702,167.7474
0.8989899,0.02020202,0.0012679183,0.009172412,167.3107
0.90909094,0.02020202,0.0012823569,0.009275734,169.26071
0.9191919,0.02020202,0.0012948572,0.009378805,170.31226
0.9292929,0.02020202,0.0013052046,0.009481617,170.25526
0.93939394,0.02020202,0.0013192344,0.009584871,172.19717
0.94949496,0.02020202,0.0013273001,0.009687388,170.8991
0.959596,0.02020202,0.0013414872,0.009790648,172.7337
0.969697,0.02020202,0.0013521444,0.009893475,172.86847
0.97979796,0.02020202,0.0013663339,0.00999673,174.71109
0.989899,0.02020202,0.0013790714,0.010099814,175.86331
1.0,0.02020202,0.0013919603,0.0102029005,177.03427
0.0,0.030303031,0.0,-0.0,0.0
0.01010101,0.030303031,0.000119331235,3.5413002e-06,43.83385
0.02020202,0.030303031,0.00022857639,3.0144744e-05,80.931366
0.030303031,0.030303031,0.0002988147,0.00021856613,91.052345
0.04040404,0.030303031,0.00035778194,0.00038699296,100.03439
0.05050505,0.030303031,0.00039961463,0.0005845584,102.61726
0.060606062,0.030303031,0.00043334707,0.0007740387,104.04673
0.07070707,0.030303031,0.000464648,0.00096716394,104.34355
0.08080808,0.030303031,0.00049614,0.0011519402,105.23537
0.09090909,0.030303031,0.0005253753,0.001324194,106.30628
0.1010101,0.030303031,0.0005538678,0.0014869473,107.808365
0.11111111,0.030303031,0.0005818912,0.0016459104,109.28971
0.121212125,0.030303031,0.0006091314,0.0018032532,110.51326
0.13131313,0.030303031,0.00063529133,0.0019598925,111.28208
0.14141414,0.030303031,0.0006623912,0.0021160818,112.335106
0.15151516,0.030303031,0.00068798003,0.0022719277,112.891945
0.16161616,0.030303031,0.0007137132,0.0024274793,113.47073
0.17171717,0.030303031,0.00073967304,0.0025828572,114.11968
0.18181819,0.030303031,0.0007656121,0.0027380043,114.77629
0.1919192,0.030303031,0.0007918477,0.0028929575,115.54379
0.2020202,0.030303031,0.0008176559,0.0030477813,116.18806
0.21212122,0.030303031,0.0008435494,0.0032024367,116.900475
0.22222222,0.030303031,0.0008699703,0.003357088,117.793655
0.23232323,0.030303031,0.00089514133,0.0035114752,118.30812
0.24242425,0.030303031,0.0009208828,0.0036659462,119.006195
0.25252524,0.030303031,0.0009470433,0.0038203406,119.87542
0.26262626,0.030303031,0.0009740323,0.0039748214,120.98052
0.27272728,0.030303031,0.000998618,0.004129062,121.351425
0.28282827,0.030303031,0.0010240263,0.0042833122,122.00284
0.2929293,0.030303031,0.001048538,0.004437516,122.39316
0.3030303,0.030303031,0.0010738384,0.0045916997,123.00946
0.3131313,0.030303031,0.001100381,0.004746085,124.04719
0.32323232,0.030303031,0.0011253732,0.0049003307,124.59764
0.33333334,0.030303031,0.0011518252,0.0050546764,125.65129
0.34343433,0.030303031,0.0011758041,0.005208748,125.807526
0.35353535,0.030303031,0.0012029886,0.005363143,127.142525
0.36363637,0.030303031,0.0012281352,0.005517346,127.73504
0.37373737,0.030303031,0.0012534177,0.005671523,128.26529
0.3838384,0.030303031,0.0012799609,0.005825863,129.34586
0.3939394,0.030303031,0.0013056803,0.005980071,130.16193
0.4040404,0.030303031,0.001331551,0.006134252,130.9617
0.41414142,0.030303031,0.0013562739,0.006288329,131.37627
0.42424244,0.030303031,0.0013828098,0.0064425594,132.37283
0.43434343,0.030303031,0.0014091908,0.0065967366,133.32973
0.44444445,0.030303031,0.0014351618,0.006750873,134.21844
0.45454547,0.030303031,0.0014614188,0.006904983,135.10753
0.46464646,0.030303031,0.0014844239,0.0070587276,134.8896
0.47474748,0.030303031,0.0015097117,0.007212706,135.45566
0.4848485,0.030303031,0.0015375447,0.007366933,136.90042
0.4949495,0.030303031,0.0015641296,0.0075209937,137.95369
0.5050505,0.030303031,0.0015873396,0.0076746494,137.91853
0.5151515,0.030303031,0.0016147231,0.007828761,139.26094
0.5252525,0.030303031,0.0016399825,0.007982612,139.7416
0.53535354,0.030303031,0.0016646135,0.008136374,140.15865
0.54545456,0.030303031,0.0016904938,0.0082902685,140.89905
0.5555556,0.030303031,0.0017151164,0.00844397,141.25546
0.56565654,0.030303031,0.0017415904,0.008597914,142.32518
0.57575756,0.030303031,0.0017686259,0.008751867,143.55154
0.5858586,0.030303031,0.0017936706,0.008905627,144.09972
0.5959596,0.030303031,0.0018179822,0.009059237,144.37558
0.6060606,0.030303031,0.0018419469,0.009212811,144.57246
0.61616164,0.030303031,0.0018680203,0.009366614,145.4182
0.6262626,0.030303031,0.0018933391,0.00952034,146.1586
0.6363636,0.030303031,0.0019210755,0.0096743405,147.50464
0.64646465,0.030303031,0.0019437921,0.00982773,147.35582
0.65656567,0.030303031,0.001973468,0.009981932,149.44394
0.6666667,0.030303031,0.0019999372,0.010135754,150.36818
0.67676765,0.030303031,0.0020206582,0.01028888,149.55383
0.68686867,0.030303031,0.0020496356,0.010442976,151.34718
0.6969697,0.030303031,0.0020758486,0.010596737,152.2731
0.7070707,0.030303031,0.0021009326,0.010750358,152.85649
0.7171717,0.030303031,0.0021270586,0.010904102,153.65416
0.72727275,0.030303031,0.00215397,0.011057941,154.77258
0.7373737,0.030303031,0.0021817945,0.0112118805,156.18187
0.74747473,0.030303031,0.002204554,0.011365186,155.99718
0.75757575,0.030303031,0.0022324037,0.011519125,157.41457
0.7676768,0.030303031,0.002257142,0.01167266,157.92027
0.7777778,0.030303031,0.0022796607,0.011825904,157.57895
0.7878788,0.030303031,0.0023095368,0.011980067,159.70143
0.7979798,0.030303031,0.0023365687,0.012133852,160.83838
0.8080808,0.030303031,0.0023628187,0.012287551,161.81525
0.8181818,0.030303031,0.0023857283,0.012440816,161.76003
0.82828283,0.030303031,0.0024150084,0.012594885,163.56706
0.83838385,0.030303031,0.0024436736,0.012748868,165.15172
0.8484849,0.030303031,0.002467196,0.012902193,165.25015
0.85858583,0.030303031,0.002497177,0.01305632,167.35988
0.86868685,0.030303031,0.0025216127,0.013209767,167.76137
0.8787879,0.030303031,0.0025452685,0.013363094,167.95378
0.8888889,0.030303031,0.0025743006,0.013517056,169.84334
0.8989899,0.030303031,0.0025933504,0.013669813,168.25543
0.90909094,0.030303031,0.0026216125,0.013823685,170.01852
0.9191919,0.030303031,0.0026485014,0.013977385,171.11777
0.9292929,0.030303031,0.0026751088,0.014131046,172.16066
0.93939394,0.030303031,0.0026999926,0.014284496,172.69766
0.94949496,0.030303031,0.002723062,0.014437693,172.63525
0.959596,0.030303031,0.002749679,0.014591343,173.63681
0.969697,0.030303031,0.0027751254,0.014744819,174.44911
0.97979796,0.030303031,0.0027990674,0.014898147,174.35495
0.989899,0.030303031,0.0028294586,0.015052209,176.72218
1.0,0.030303031,0.002853899,0.015205558,176.95241
0.0,0.04040404,0.0,0.0,0.0
0.01010101,0.04040404,0.00016556507,5.079618e-06,46.784485
0.02020202,0.04040404,0.00031576667,5.0697152e-05,83.18972
0.030303031,0.04040404,0.00041774055,0.00030347303,92.67781
0.04040404,0.04040404,0.00050456874,0.00052061875,100.2045
0.05050505,0.04040404,0.0005727205,0.00077969045,102.610886
0.060606062,0.04040404,0.00062940415,0.001028197,103.78888
0.07070707,0.04040404,0.00068314996,0.0012789499,104.097786
0.08080808,0.04040404,0.00073731394,0.0015215981,104.96685
0.09090909,0.04040404,0.0007879695,0.0017491817,106.078575
0.1010101,0.04040404,0.0008368215,0.0019646974,107.631
0.11111111,0.04040404,0.00088506937,0.0021753972,109.233986
0.121212125,0.04040404,0.0009319579,0.0023837383,110.485756
0.13131313,0.04040404,0.0009780332,0.0025913187,111.49372
0.14141414,0.04040404,0.001024954,0.0027984313,112.65667
0.15151516,0.04040404,0.0010677045,0.0030047873,112.747986
0.16161616,0.04040404,0.0011135578,0.0032109972,113.640495
0.17171717,0.04040404,0.0011586488,0.00341683,114.31619
0.18181819,0.04040404,0.0012021738,0.0036222888,114.6446
0.1919192,0.04040404,0.0012479948,0.0038277318,115.54689
0.2020202,0.04040404,0.0012923365,0.0040327935,116.06137
0.21212122,0.04040404,0.0013375407,0.004237798,116.92564
0.22222222,0.04040404,0.0013818681,0.004442559,117.45575
0.23232323,0.04040404,0.0014267206,0.004647257,118.20979
0.24242425,0.04040404,0.0014725733,0.004851997,119.24785
0.25252524,0.04040404,0.0015159916,0.0050564045,119.69046
0.26262626,0.04040404,0.0015620792,0.005261041,120.76958
0.27272728,0.04040404,0.0016066688,0.005465575,121.5599
0.28282827,0.04040404,0.0016496384,0.0056698485,121.88945
0.2929293,0.04040404,0.0016940784,0.0058742515,122.667336
0.3030303,0.04040404,0.0017393136,0.0060787853,123.599686
0.3131313,0.04040404,0.001784135,0.0062832157,124.47327
0.32323232,0.04040404,0.0018280625,0.006487602,125.12878
0.33333334,0.04040404,0.0018718767,0.006691945,125.71905
0.34343433,0.04040404,0.0019139826,0.0068960306,125.98564
0.35353535,0.04040404,0.0019611036,0.007100708,127.34514
0.36363637,0.04040404,0.0020035265,0.007304859,127.62896
0.37373737,0.04040404,0.0020477783,0.0075091785,128.29527
0.3838384,0.04040404,0.002094406,0.00771376,129.58315
0.3939394,0.04040404,0.0021421397,0.007918416,131.11914
0.4040404,0.04040404,0.0021827256,0.008122295,130.89096
0.41414142,0.04040404,0.0022275185,0.008326583,131.70978
0.42424244,0.04040404,0.002272724,0.008530868,132.5747
0.43434343,0.04040404,0.0023178041,0.0087351035,133.52493
0.44444445,0.04040404,0.002364514,0.008939462,134.78893
0.45454547,0.04040404,0.0024070668,0.009143401,135.01784
0.46464646,0.04040404,0.0024503863,0.009347341,135.4157
0.47474748,0.04040404,0.0024957955,0.009551499,136.3175
0.4848485,0.04040404,0.0025438059,0.009755931,137.86191
0.4949495,0.04040404,0.0025900626,0.00996009,139.10187
0.5050505,0.04040404,0.00262879,0.010163393,138.31956
0.5151515,0.04040404,0.0026750038,0.010367491,139.46481
0.5252525,0.04040404,0.0027203117,0.010571486,140.45573
0.53535354,0.04040404,0.0027633691,0.010775186,140.77527
0.54545456,0.04040404,0.0028083753,0.010979085,141.72792
0.5555556,0.04040404,0.0028510736,0.011182711,141.93599
0.56565654,0.04040404,0.0028946435,0.011386423,142.40323
0.57575756,0.04040404,0.0029360817,0.011589828,142.538
0.5858586,0.04040404,0.0029837845,0.011793986,144.07141
0.5959596,0.04040404,0.0030261588,0.0119974725,144.30089
0.6060606,0.04040404,0.0030738877,0.012201596,145.88153
0.61616164,0.04040404,0.0031177448,0.012405249,146.54137
0.6262626,0.04040404,0.0031615496,0.012608877,147.14934
0.6363636,0.04040404,0.003204696,0.012812422,147.52168
0.64646465,0.04040404,0.003250179,0.013016227,148.60704
0.65656567,0.04040404,0.003295617,0.013220043,149.52113
0.6666667,0.04040404,0.0033375167,0.013423402,149.61473
0.67676765,0.04040404,0.0033863473,0.013627526,151.51398
0.68686867,0.04040404,0.0034314918,0.013831288,152.31241
0.6969697,0.04040404,0.0034749578,0.014034769,152.77313
0.7070707,0.04040404,0.0035202599,0.014238493,153.77505
0.7171717,0.04040404,0.0035624837,0.014441854,154.00937
0.72727275,0.04040404,0.0036081218,0.014645637,154.89879
0.7373737,0.04040404,0.0036518264,0.014849113,155.4791
0.74747473,0.04040404,0.003695619,0.015052623,156.1257
0.75757575,0.04040404,0.0037461256,0.015256942,158.31114
0.7676768,0.04040404,0.0037872742,0.015460114,158.21075
0.7777778,0.04040404,0.0038350653,0.015664062,159.65234
0.7878788,0.04040404,0.0038810847,0.015867801,160.84537
0.7979798,0.04040404,0.0039266655,0.016071474,161.89684
0.8080808,0.04040404,0.0039751027,0.016275512,163.60097
0.8181818,0.04040404,0.0040177465,0.01647883,163.81499
0.82828283,0.04040404,0.004060378,0.016682118,164.18826
0.83838385,0.04040404,0.004104774,0.016885595,164.80536
0.8484849,0.04040404,0.0041447855,0.017088559,164.48517
0.85858583,0.04040404,0.0041920803,0.017292421,165.82832
0.86868685,0.04040404,0.0042398665,0.017496316,167.57678
0.8787879,0.04040404,0.004276478,0.01769883,166.41113
0.8888889,0.04040404,0.0043239594,0.017902646,167.97073
0.8989899,0.04040404,0.0043678116,0.018106036,168.42
0.90909094,0.04040404,0.0044142934,0.018309707,169.65549
0.9191919,0.04040404,0.004460659,0.01851339,170.73882
0.9292929,0.04040404,0.004508128,0.018717192,172.38855
0.93939394,0.04040404,0.004549842,0.018920287,172.5804
0.94949496,0.04040404,0.0045872307,0.019122817,171.54552
0.959596,0.04040404,0.0046364567,0.0193268,173.49515
0.969697,0.04040404,0.004675717,0.019529536,172.96075
0.97979796,0.04040404,0.0047303247,0.019734198,175.95496
0.989899,0.04040404,0.0047700764,0.019937001,175.65768
1.0,0.04040404,0.0048197005,0.020140981,177.51567
0.0,0.05050505,0.0,0.0,0.0
0.01010101,0.05050505,0.00021490836,6.925168e-06,49.666023
0.02020202,0.05050505,0.00040632984,8.425482e-05,83.62201
0.030303031,0.05050505,0.00054697157,0.00038996708,93.88029
0.04040404,0.05050505,0.000665376,0.0006557805,100.3413
0.05050505,0.05050505,0.0007640971,0.0009766729,102.14264
0.060606062,0.05050505,0.00085140794,0.0012795846,103.65492
0.07070707,0.05050505,0.00093301176,0.0015841213,104.10635
0.08080808,0.05050505,0.0010147431,0.0018838723,104.70841
0.09090909,0.05050505,0.0010925755,0.0021658314,105.85985
0.1010101,0.05050505,0.0011672341,0.0024331429,107.465355
0.11111111,0.05050505,0.00124141,0.0026949262,109.21468
0.121212125,0.05050505,0.0013127559,0.002953792,110.486664
0.13131313,0.05050505,0.0013841003,0.003211685,111.662224
0.14141414,0.05050505,0.0014545601,0.003468859,112.62358
0.15151516,0.05050505,0.0015231275,0.0037253753,113.15237
0.16161616,0.05050505,0.0015918374,0.0039813197,113.77912
0.17171717,0.05050505,0.0016608298,0.004237107,114.434166
0.18181819,0.05050505,0.0017289757,0.0044923862,114.93228
0.1919192,0.05050505,0.0017975311,0.0047473614,115.56996
0.2020202,0.05050505,0.0018673324,0.005002204,116.45118
0.21212122,0.05050505,0.0019351261,0.005256669,116.90739
0.22222222,0.05050505,0.002004674,0.005511126,117.81314
0.23232323,0.05050505,0.002074129,0.005765492,118.66759
0.24242425,0.05050505,0.0021418333,0.0060195737,119.26167
0.25252524,0.05050505,0.0022115195,0.0062736766,120.207664
0.26262626,0.05050505,0.0022795892,0.006527631,120.88353
0.27272728,0.05050505,0.0023479615,0.006781589,121.62528
0.28282827,0.05050505,0.0024145818,0.007035343,122.05616
0.2929293,0.05050505,0.0024831437,0.007289262,122.89514
0.3030303,0.05050505,0.002549975,0.007543017,123.36476
0.3131313,0.05050505,0.0026190113,0.007796955,124.338875
0.32323232,0.05050505,0.0026871872,0.008050825,125.02102
0.33333334,0.05050505,0.0027579903,0.008304944,126.34573
0.34343433,0.05050505,0.0028250956,0.008558728,126.746666
0.35353535,0.05050505,0.0028931785,0.008812515,127.558876
0.36363637,0.05050505,0.00296033,0.009066208,128.07669
0.37373737,0.05050505,0.0030306696,0.009320196,129.28043
0.3838384,0.05050505,0.0030985666,0.00957398,129.91643
0.3939394,0.05050505,0.0031676316,0.009827732,130.84561
0.4040404,0.05050505,0.003236507,0.010081485,131.73438
0.41414142,0.05050505,0.003301724,0.010334808,131.87239
0.42424244,0.05050505,0.0033724355,0.010588727,132.91714
0.43434343,0.05050505,0.0034428919,0.0108425245,133.98444
0.44444445,0.05050505,0.0035107576,0.011095983,134.7255
0.45454547,0.05050505,0.0035808764,0.011349716,135.67293
0.46464646,0.05050505,0.0036456597,0.011602727,135.79596
0.47474748,0.05050505,0.003713126,0.011856054,136.29105
0.4848485,0.05050505,0.0037865257,0.012109989,138.00096
0.4949495,0.05050505,0.0038522505,0.012363057,138.16376
0.5050505,0.05050505,0.003917513,0.012615912,138.42183
0.5151515,0.05050505,0.003990071,0.012869665,139.7024
0.5252525,0.05050505,0.0040572714,0.013122748,140.35703
0.53535354,0.05050505,0.0041239974,0.013375789,140.67981
0.54545456,0.05050505,0.0041945074,0.013629187,141.97743
0.5555556,0.05050505,0.004261234,0.01388215,142.20877
0.56565654,0.05050505,0.004328656,0.014135155,143.09781
0.57575756,0.05050505,0.0043987534,0.014388439,143.95648
0.5858586,0.05050505,0.0044677565,0.014641571,144.94722
0.5959596,0.05050505,0.0045319344,0.014894111,144.86574
0.6060606,0.05050505,0.004601772,0.015147323,145.96712
0.61616164,0.05050505,0.004672992,0.015400672,147.48685
0.6262626,0.05050505,0.0047348854,0.015652912,146.87794
0.6363636,0.05050505,0.004802439,0.015905796,147.4617
0.64646465,0.05050505,0.004874005,0.016159128,148.85757
0.65656567,0.05050505,0.004944465,0.016412333,149.99695
0.6666667,0.05050505,0.005009353,0.016664848,150.20874
0.67676765,0.05050505,0.0050805947,0.016918108,151.47421
0.68686867,0.05050505,0.0051526977,0.01717149,153.03195
0.6969697,0.05050505,0.005218875,0.017424105,153.24988
0.7070707,0.05050505,0.0052876426,0.017677072,154.24191
0.7171717,0.05050505,0.0053494,0.017929172,153.68498
0.72727275,0.05050505,0.005427499,0.018183215,156.10103
0.7373737,0.05050505,0.005490458,0.01843544,156.03732
0.74747473,0.05050505,0.005557754,0.018688157,156.50726
0.75757575,0.05050505,0.0056338715,0.018941935,158.68321
0.7676768,0.05050505,0.0057017826,0.019194715,159.37296
0.7777778,0.05050505,0.005772338,0.019447785,160.59746
0.7878788,0.05050505,0.0058374354,0.019700216,160.7867
0.7979798,0.05050505,0.0059121368,0.019953776,162.47351
0.8080808,0.05050505,0.005978949,0.02020638,163.0187
0.8181818,0.05050505,0.006047177,0.020459162,163.79767
0.82828283,0.05050505,0.00611876,0.020712303,165.20787
0.83838385,0.05050505,0.0061822725,0.02096447,165.03297
0.8484849,0.05050505,0.0062497375,0.021217102,165.71675
0.85858583,0.05050505,0.0063207885,0.021470213,167.02357
0.86868685,0.05050505,0.006393814,0.021723468,168.55914
0.8787879,0.05050505,0.0064579174,0.02197565,168.50717
0.8888889,0.05050505,0.0065221544,0.022227865,168.76924
0.8989899,0.05050505,0.0066002915,0.022481728,171.19832
0.90909094,0.05050505,0.0066590477,0.022733275,170.14798
0.9191919,0.05050505,0.006729009,0.022986144,171.08824
0.9292929,0.05050505,0.0068016765,0.023239339,172.96709
0.93939394,0.05050505,0.0068577477,0.023490468,171.47754
0.94949496,0.05050505,0.0069289207,0.023743438,172.72011
0.959596,0.05050505,0.0070124674,0.023997957,176.07472
0.969697,0.05050505,0.0070734215,0.024249656,175.49768
0.97979796,0.05050505,0.007144756,0.024502631,176.84642
0.989899,0.05050505,0.007210717,0.024754915,177.07889
1.0,0.05050505,0.007283039,0.025008013,178.43376
0.0,0.060606062,0.0,0.0,0.0
0.01010101,0.060606062,0.00026728574,8.873419e-06,52.50349
0.02020202,0.060606062,0.000502026,0.00012341028,84.61929
0.030303031,0.060606062,0.00068621687,0.00047667793,94.78392
0.04040404,0.060606062,0.00084032264,0.0007921187,100.517075
0.05050505,0.060606062,0.0009757374,0.0011697703,102.08243
0.060606062,0.060606062,0.0010975418,0.0015277817,103.42818
0.07070707,0.060606062,0.0012134513,0.001885353,104.115685
0.08080808,0.060606062,0.0013286212,0.002239003,104.63756
0.09090909,0.060606062,0.0014396986,0.0025740354,105.888306
0.1010101,0.060606062,0.0015450692,0.0028927526,107.439186
0.11111111,0.060606062,0.0016491067,0.0032046875,109.134476
0.121212125,0.060606062,0.0017522824,0.0035136626,110.72168
0.13131313,0.060606062,0.0018520975,0.0038209336,111.737076
0.14141414,0.060606062,0.0019514608,0.0041274494,112.651474
0.15151516,0.060606062,0.0020485322,0.0044332584,113.20603
0.16161616,0.060606062,0.0021480327,0.004738768,114.01922
0.17171717,0.060606062,0.0022459626,0.0050435616,114.683205
0.18181819,0.060606062,0.0023425638,0.0053477483,115.170845
0.1919192,0.060606062,0.002442398,0.005652104,116.117485
0.2020202,0.060606062,0.0025367737,0.005955438,116.29392
0.21212122,0.060606062,0.0026347518,0.0062589813,117.08676
0.22222222,0.060606062,0.0027324653,0.0065622577,117.83703
0.23232323,0.060606062,0.0028300355,0.0068652937,118.56463
0.24242425,0.060606062,0.0029273224,0.0071682357,119.30806
0.25252524,0.060606062,0.003025303,0.007471188,120.11286
0.26262626,0.060606062,0.0031218017,0.007773911,120.78905
0.27272728,0.060606062,0.0032206725,0.00807689,121.67534
0.28282827,0.060606062,0.0033183205,0.0083796475,122.563446
0.2929293,0.060606062,0.0034127997,0.008682107,122.850204
0.3030303,0.060606062,0.0035123276,0.008985089,124.082436
0.3131313,0.060606062,0.0036106836,0.009287819,124.95648
0.32323232,0.060606062,0.0037053786,0.0095902765,125.42643
0.33333334,0.060606062,0.003800429,0.00989265,125.86517
0.34343433,0.060606062,0.0039001189,0.010195574,127.04255
0.35353535,0.060606062,0.0039968276,0.010498134,127.803535
0.36363637,0.060606062,0.0040941057,0.010800701,128.58696
0.37373737,0.060606062,0.0041969502,0.011103886,130.25012
0.3838384,0.060606062,0.004290538,0.0114060175,130.47699
0.3939394,0.060606062,0.0043879184,0.011708558,131.22726
0.4040404,0.060606062,0.004485838,0.0120110605,132.0147
0.41414142,0.060606062,0.004583082,0.012313427,132.88614
0.42424244,0.060606062,0.0046816254,0.012615918,133.74715
0.43434343,0.060606062,0.004774213,0.012917732,133.69862
0.44444445,0.060606062,0.0048769712,0.013220538,135.39615
0.45454547,0.060606062,0.0049749804,0.013522839,136.16132
0.46464646,0.060606062,0.0050725294,0.013825003,136.93283
0.47474748,0.060606062,0.005167198,0.0141268475,137.26848
0.4848485,0.060606062,0.005264914,0.014428912,137.88846
0.4949495,0.060606062,0.005361676,0.014730772,138.72925
0.5050505,0.060606062,0.0054577803,0.015032616,139.15906
0.5151515,0.060606062,0.005551667,0.015334096,139.43631
0.5252525,0.060606062,0.0056494046,0.015636044,140.30263
0.53535354,0.060606062,0.0057447096,0.015937695,140.46356
0.54545456,0.060606062,0.0058484934,0.016240235,142.47318
0.5555556,0.060606062,0.0059424755,0.016541628,142.73357
0.56565654,0.060606062,0.006039214,0.016843272,143.3542
0.57575756,0.060606062,0.0061414503,0.017145624,144.98494
0.5858586,0.060606062,0.006235361,0.017446829,145.31668
0.5959596,0.060606062,0.0063246107,0.017747568,144.75267
0.6060606,0.060606062,0.0064262482,0.018049723,146.32233
0.61616164,0.060606062,0.006525085,0.018351533,147.4902
0.6262626,0.060606062,0.006620431,0.018652909,147.92215
0.6363636,0.060606062,0.006719649,0.018954724,149.01459
0.64646465,0.060606062,0.006811025,0.019255588,149.0172
0.65656567,0.060606062,0.0069088507,0.019557212,149.77884
0.6666667,0.060606062,0.007008979,0.019859118,150.99608
0.67676765,0.060606062,0.0071079396,0.020160777,152.32898
0.68686867,0.060606062,0.007204354,0.020462232,152.64526
0.6969697,0.060606062,0.0072999382,0.020763531,153.19661
0.7070707,0.060606062,0.007397394,0.021065058,153.98915
0.7171717,0.060606062,0.0075007654,0.021367278,155.92538
0.72727275,0.060606062,0.007598319,0.021668779,156.82877
0.7373737,0.060606062,0.0076909065,0.021969656,156.70024
0.74747473,0.060606062,0.007788882,0.022271184,157.53842
0.75757575,0.060606062,0.007889323,0.02257299,158.88698
0.7676768,0.060606062,0.007994022,0.022875266,160.76341
0.7777778,0.060606062,0.0080900425,0.023176527,161.43098
0.7878788,0.060606062,0.0081771035,0.023476707,160.45235
0.7979798,0.060606062,0.0082800435,0.023778785,162.14867
0.8080808,0.060606062,0.008376421,0.024080036,163.19081
0.8181818,0.060606062,0.008486838,0.024382936,165.78902
0.82828283,0.060606062,0.008575478,0.024683276,165.14249
0.83838385,0.060606062,0.008676471,0.024985073,166.49683
0.8484849,0.060606062,0.008777213,0.025286814,167.75728
0.85858583,0.060606062,0.0088628335,0.025586754,166.76337
0.86868685,0.060606062,0.008962922,0.025888378,168.13371
0.8787879,0.060606062,0.009054661,0.02618898,168.06313
0.8888889,0.060606062,0.009157633,0.026490921,169.844
0.8989899,0.060606062,0.009259991,0.02679281,171.31418
0.90909094,0.060606062,0.009356069,0.02709391,172.14436
0.9191919,0.060606062,0.009446702,0.027394364,171.95438
0.9292929,0.060606062,0.009550662,0.027696403,173.8606
0.93939394,0.060606062,0.0096472595,0.02799751,174.19923
0.94949496,0.060606062,0.009741259,0.028298317,174.5861
0.959596,0.060606062,0.009833565,0.028598923,174.7923
0.969697,0.060606062,0.009938697,0.028901042,176.54039
0.97979796,0.060606062,0.010022321,0.029200537,175.35165
0.989899,0.060606062,0.010127702,0.029502673,177.00624
1.0,0.060606062,0.010221018,0.029803315,177.22267
0.0,0.07070707,0.0,0.0,0.0
0.01010101,0.07070707,0.00032263916,1.1063597e-05,55.29177
0.02020202,0.07070707,0.00060272135,0.0001684778,86.03108
0.030303031,0.07070707,0.00083526626,0.00056857057,95.04965
0.04040404,0.07070707,0.0010291244,0.0009300647,100.6677
0.05050505,0.07070707,0.0012069318,0.0013628172,101.944725
0.060606062,0.07070707,0.0013690117,0.001773515,103.28277
0.07070707,0.07070707,0.001524356,0.002179379,104.36147
0.08080808,0.07070707,0.0016779864,0.0025867878,104.68124
0.09090909,0.07070707,0.0018266696,0.0029739034,105.83647
0.1010101,0.07070707,0.001969825,0.003343373,107.562546
0.11111111,0.07070707,0.0021085285,0.0037048492,109.16367
0.121212125,0.07070707,0.0022463058,0.004062724,110.7167
0.13131313,0.07070707,0.002380545,0.0044186674,111.79824
0.14141414,0.07070707,0.0025143926,0.0047740797,112.744095
0.15151516,0.07070707,0.0026479203,0.0051285606,113.600075
0.16161616,0.07070707,0.0027777224,0.0054823253,113.99542
0.17171717,0.07070707,0.0029111803,0.005835708,114.85987
0.18181819,0.07070707,0.0030408613,0.0061884327,115.31641
0.1919192,0.07070707,0.0031717217,0.0065406202,115.83585
0.2020202,0.07070707,0.0033041714,0.0068927146,116.64648
0.21212122,0.07070707,0.0034347342,0.007244349,117.21519
0.22222222,0.07070707,0.0035671757,0.00759603,118.063484
0.23232323,0.07070707,0.0036981343,0.007947194,118.74437
0.24242425,0.07070707,0.0038258992,0.008297893,119.04547
0.25252524,0.07070707,0.003961184,0.008649441,120.31011
0.26262626,0.07070707,0.004089873,0.009000098,120.693634
0.27272728,0.07070707,0.004222101,0.009351066,121.7098
0.28282827,0.07070707,0.004356146,0.0097022485,122.83856
0.2929293,0.07070707,0.004480786,0.010052351,122.84107
0.3030303,0.07070707,0.004615307,0.010403509,124.16532
0.3131313,0.07070707,0.0047502685,0.010754668,125.39858
0.32323232,0.07070707,0.0048791133,0.011105225,126.007385
0.33333334,0.07070707,0.005009366,0.01145592,126.74537
0.34343433,0.07070707,0.005140313,0.011806595,127.45671
0.35353535,0.07070707,0.005269869,0.012157215,128.20111
0.36363637,0.07070707,0.0054012416,0.012507887,128.87875
0.37373737,0.07070707,0.0055361483,0.012858952,130.32677
0.3838384,0.07070707,0.0056648636,0.013209333,130.66652
0.3939394,0.07070707,0.005798502,0.013560085,131.85861
0.4040404,0.07070707,0.005928926,0.0139104435,132.52832
0.41414142,0.07070707,0.0060606766,0.014260979,133.34183
0.42424244,0.07070707,0.00619169,0.014611405,134.04274
0.43434343,0.07070707,0.0063216113,0.014961578,134.63367
0.44444445,0.07070707,0.0064550396,0.0153120635,135.71205
0.45454547,0.07070707,0.006583383,0.015661974,136.03102
0.46464646,0.07070707,0.006714377,0.016012058,136.70792
0.47474748,0.07070707,0.006850116,0.01636258,138.32022
0.4848485,0.07070707,0.0069740913,0.016711853,137.94806
0.4949495,0.07070707,0.007108085,0.017062118,139.06862
0.5050505,0.07070707,0.007238519,0.017411927,139.63487
0.5151515,0.07070707,0.0073709604,0.017761974,140.61742
0.5252525,0.07070707,0.007498691,0.018111326,140.9281
0.53535354,0.07070707,0.00762851,0.018460995,141.67055
0.54545456,0.07070707,0.0077596256,0.018810745,142.47336
0.5555556,0.07070707,0.0078931805,0.019160695,143.468
0.56565654,0.07070707,0.008020282,0.019509869,143.85973
0.57575756,0.07070707,0.008155601,0.019860025,145.20157
0.5858586,0.07070707,0.008280301,0.020208841,145.17885
0.5959596,0.07070707,0.008421418,0.020559609,147.2095
0.6060606,0.07070707,0.008540005,0.020907694,146.74905
0.61616164,0.07070707,0.0086743785,0.021257618,147.62897
0.6262626,0.07070707,0.008803229,0.021606835,148.29636
0.6363636,0.07070707,0.008934448,0.021956341,149.15877
0.64646465,0.07070707,0.009064152,0.022305679,149.9338
0.65656567,0.07070707,0.009195351,0.02265516,150.80795
0.6666667,0.07070707,0.009324555,0.023004362,151.2358
0.67676765,0.07070707,0.009458342,0.023354108,152.36084
0.68686867,0.07070707,0.009593534,0.023703968,153.87163
0.6969697,0.07070707,0.009717819,0.024052558,153.84555
0.7070707,0.07070707,0.009851236,0.024402339,154.99164
0.7171717,0.07070707,0.009981275,0.02475155,155.56607
0.72727275,0.07070707,0.010119515,0.025101755,157.16907
0.7373737,0.07070707,0.010255652,0.025451707,158.62566
0.74747473,0.07070707,0.010375313,0.025799707,158.12125
0.75757575,0.07070707,0.010508852,0.026149308,159.31577
0.7676768,0.07070707,0.010639839,0.026498556,160.23721
0.7777778,0.07070707,0.010772481,0.026848014,160.99886
0.7878788,0.07070707,0.010910935,0.027198207,162.87509
0.7979798,0.07070707,0.011051374,0.02754861,164.62877
0.8080808,0.07070707,0.011163101,0.027895544,163.21112
0.8181818,0.07070707,0.0113008255,0.028245585,164.64014
0.82828283,0.07070707,0.011437163,0.028595436,166.47987
0.83838385,0.07070707,0.01155879,0.02894354,165.88234
0.8484849,0.07070707,0.011696629,0.029293524,167.58368
0.85858583,0.07070707,0.011827898,0.029642826,168.44403
0.86868685,0.07070707,0.011962261,0.02999237,169.61005
0.8787879,0.07070707,0.012091455,0.030341346,170.26291
0.8888889,0.07070707,0.012215896,0.030689623,170.0487
0.8989899,0.07070707,0.0123470975,0.031038782,170.9843
0.90909094,0.07070707,0.012474203,0.031387433,171.44493
0.9191919,0.07070707,0.0126110455,0.0317373,173.05165
0.9292929,0.07070707,0.0127356285,0.032085624,172.9384
0.93939394,0.07070707,0.012875948,0.032435827,174.87444
0.94949496,0.07070707,0.013001723,0.032784227,174.91728
0.959596,0.07070707,0.01314363,0.03313464,177.27576
0.969697,0.07070707,0.01326684,0.033482686,177.28061
0.97979796,0.07070707,0.013385247,0.033830162,176.46513
0.989899,0.07070707,0.013516273,0.03417926,177.3607
1.0,0.07070707,0.013643193,0.03452774,177.09285
0.0,0.08080808,0.0,0.0,0.0
0.01010101,0.08080808,0.0003812465,1.3355398e-05,58.08542
0.02020202,0.08080808,0.00070964854,0.00021668771,88.00326
0.030303031,0.08080808,0.0009930927,0.000661348,95.200806
0.04040404,0.08080808,0.0012304869,0.0010696094,100.638565
0.05050505,0.08080808,0.0014565887,0.0015537359,101.789085
0.060606062,0.08080808,0.0016635555,0.0020149902,103.09122
0.07070707,0.08080808,0.0018654995,0.002468839,104.68706
0.08080808,0.08080808,0.0020629657,0.0029268076,104.96795
0.09090909,0.08080808,0.0022532027,0.0033649576,105.88539
0.1010101,0.08080808,0.002439215,0.003784403,107.715164
0.11111111,0.08080808,0.002618376,0.0041944874,109.34589
0.121212125,0.08080808,0.0027964956,0.004601001,110.91265
0.13131313,0.08080808,0.0029708731,0.005005303,112.094215
0.14141414,0.08080808,0.0031441187,0.0054085106,113.11323
0.15151516,0.08080808,0.0033148527,0.0058108713,113.78061
0.16161616,0.08080808,0.0034857744,0.0062125544,114.50266
0.17171717,0.08080808,0.0036573862,0.00661375,115.26281
0.18181819,0.08080808,0.003826593,0.0070143435,115.76424
0.1919192,0.08080808,0.0039956686,0.0074141803,116.33676
0.2020202,0.08080808,0.004165783,0.007813657,116.97374
0.21212122,0.08080808,0.004337145,0.008213021,117.81519
0.22222222,0.08080808,0.0045046923,0.008611731,118.32966
0.23232323,0.08080808,0.0046754037,0.00901068,119.077415
0.24242425,0.08080808,0.0048455154,0.00940916,119.89288
0.25252524,0.08080808,0.005015142,0.0098075755,120.6588
0.26262626,0.08080808,0.0051836297,0.010205848,121.25606
0.27272728,0.08080808,0.0053542517,0.010604152,122.12955
0.28282827,0.08080808,0.005526347,0.011002641,123.189575
0.2929293,0.08080808,0.00569334,0.011400539,123.69072
0.3030303,0.08080808,0.005862814,0.011798822,124.43606
0.3131313,0.08080808,0.0060328124,0.012196988,125.27276
0.32323232,0.08080808,0.0062017846,0.012595144,126.00599
0.33333334,0.08080808,0.006367695,0.012992847,126.556496
0.34343433,0.08080808,0.0065472173,0.013391971,128.31892
0.35353535,0.08080808,0.006706781,0.013788985,128.10928
0.36363637,0.08080808,0.006883633,0.014187756,129.76527
0.37373737,0.08080808,0.007051835,0.014585564,130.42651
0.3838384,0.08080808,0.0072197625,0.014983296,130.92607
0.3939394,0.08080808,0.007392211,0.015381429,132.04422
0.4040404,0.08080808,0.0075624916,0.01577937,132.87813
0.41414142,0.08080808,0.0077260397,0.016176382,132.96716
0.42424244,0.08080808,0.007898896,0.0165744,134.01546
0.43434343,0.08080808,0.008071196,0.016972255,135.09523
0.44444445,0.08080808,0.0082440395,0.017370213,136.13776
0.45454547,0.08080808,0.008410458,0.01776724,136.63284
0.46464646,0.08080808,0.008577602,0.018164331,137.12216
0.47474748,0.08080808,0.008751039,0.018562097,138.10936
0.4848485,0.08080808,0.008911524,0.018958284,137.88994
0.4949495,0.08080808,0.0090860315,0.01935605,139.19678
0.5050505,0.08080808,0.009253478,0.019752951,139.63469
0.5151515,0.08080808,0.009422255,0.020149872,140.40823
0.5252525,0.08080808,0.009596674,0.02054745,141.77281
0.53535354,0.08080808,0.009768355,0.020944681,142.83116
0.54545456,0.08080808,0.009935515,0.021341309,143.19066
0.5555556,0.08080808,0.010101309,0.021737725,143.37357
0.56565654,0.08080808,0.010271447,0.022134691,144.68431
0.57575756,0.08080808,0.01043309,0.022530576,144.59695
0.5858586,0.08080808,0.010607121,0.022927865,145.76447
0.5959596,0.08080808,0.01077503,0.02332441,146.61179
0.6060606,0.08080808,0.010948777,0.02372159,147.83144
0.61616164,0.08080808,0.011110188,0.024117393,147.84355
0.6262626,0.08080808,0.011284456,0.024514517,149.07904
0.6363636,0.08080808,0.011453662,0.024911234,149.96231
0.64646465,0.08080808,0.011625428,0.025308114,150.96236
0.65656567,0.08080808,0.01178709,0.02570385,150.89735
0.6666667,0.08080808,0.0119612785,0.026100945,152.32657
0.67676765,0.08080808,0.012126817,0.026497083,152.83339
0.68686867,0.08080808,0.012305865,0.026894758,154.63046
0.6969697,0.08080808,0.012475395,0.027291387,155.33566
0.7070707,0.08080808,0.012635951,0.027686875,155.29189
0.7171717,0.08080808,0.012814073,0.028084438,156.96678
0.72727275,0.08080808,0.012984461,0.028481057,157.87613
0.7373737,0.08080808,0.013154973,0.02887766,158.83575
0.74747473,0.08080808,0.0133219,0.029273788,159.2949
0.75757575,0.08080808,0.0134842675,0.029669471,159.40555
0.7676768,0.08080808,0.013660206,0.030066652,160.92714
0.7777778,0.08080808,0.013842626,0.030464668,163.17851
0.7878788,0.08080808,0.014003677,0.030860115,163.33461
0.7979798,0.08080808,0.014174633,0.031256728,163.90196
0.8080808,0.08080808,0.014344582,0.031653147,164.88507
0.8181818,0.08080808,0.014511437,0.03204932,165.17825
0.82828283,0.08080808,0.014678812,0.03244546,166.11926
0.83838385,0.08080808,0.014858946,0.032843135,168.00798
0.8484849,0.08080808,0.015031333,0.033239786,169.15724
0.85858583,0.08080808,0.015191864,0.033635087,169.03877
0.86868685,0.08080808,0.015354852,0.03403062,169.32785
0.8787879,0.08080808,0.01552443,0.034427002,169.9578
0.8888889,0.08080808,0.015702171,0.034824252,171.66138
0.8989899,0.08080808,0.015866173,0.035219897,171.98883
0.90909094,0.08080808,0.016046561,0.03561747,173.93343
0.9191919,0.08080808,0.016212964,0.036013402,174.4274
0.9292929,0.08080808,0.0163756,0.036408797,174.22847
0.93939394,0.08080808,0.0165344,0.036803786,174.14763
0.94949496,0.08080808,0.016721454,0.037202142,176.76837
0.959596,0.08080808,0.016886577,0.037597783,177.28098
0.969697,0.08080808,0.017045317,0.037992693,176.66444
0.97979796,0.08080808,0.017222375,0.038389757,178.29872
0.989899,0.08080808,0.017395725,0.03878644,179.42488
1.0,0.08080808,0.017560767,0.039182015,179.8652
0.0,0.09090909,0.0,0.0,0.0
0.01010101,0.09090909,0.0004426654,1.5986236e-05,60.812874
0.02020202,0.09090909,0.0008242721,0.00026223742,90.31561
0.030303031,0.09090909,0.0011605966,0.0007554437,95.3609
0.04040404,0.09090909,0.0014480652,0.0012062249,101.1345
0.05050505,0.09090909,0.0017269292,0.001741564,101.927284
0.060606062,0.09090909,0.0019841676,0.0022519713,103.22807
0.07070707,0.09090909,0.002233954,0.0027514203,104.98839
0.08080808,0.09090909,0.0024813998,0.003259762,105.18774
0.09090909,0.09090909,0.0027194147,0.0037477626,106.00323
0.1010101,0.09090909,0.0029514479,0.004215994,107.73167
0.11111111,0.09090909,0.0031791918,0.0046745953,109.6603
0.121212125,0.09090909,0.0034001337,0.0051283874,111.053276
0.13131313,0.09090909,0.0036202536,0.0055802674,112.36504
0.14141414,0.09090909,0.0038364923,0.00603091,113.29073
0.15151516,0.09090909,0.0040511405,0.006480345,113.98587
0.16161616,0.09090909,0.0042675817,0.0069293836,114.87808
0.17171717,0.09090909,0.0044801617,0.0073772296,115.431755
0.18181819,0.09090909,0.0046909642,0.007824497,115.88261
0.1919192,0.09090909,0.004905493,0.008271389,116.64433
0.2020202,0.09090909,0.005116943,0.00871772,117.021706
0.21212122,0.09090909,0.0053326143,0.009163966,117.943436
0.22222222,0.09090909,0.0055446336,0.00960957,118.5053
0.23232323,0.09090909,0.0057581365,0.010055047,119.3828
0.24242425,0.09090909,0.005972757,0.010500588,120.11714
0.25252524,0.09090909,0.006188054,0.0109459,121.09056
0.26262626,0.09090909,0.006397073,0.011390522,121.5199
0.27272728,0.09090909,0.0066094017,0.011835323,122.18766
0.28282827,0.09090909,0.0068244576,0.012280472,123.21537
0.2929293,0.09090909,0.007038847,0.012725458,124.243835
0.3030303,0.09090909,0.0072488687,0.013170122,124.69571
0.3131313,0.09090909,0.0074614235,0.013614789,125.56734
0.32323232,0.09090909,0.007678492,0.014060014,126.765854
0.33333334,0.09090909,0.007888927,0.014504534,127.331635
0.34343433,0.09090909,0.00810539,0.014949622,128.59851
0.35353535,0.09090909,0.008312942,0.015393778,128.80852
0.36363637,0.09090909,0.008529775,0.015838845,129.9968
0.37373737,0.09090909,0.008744895,0.01628379,130.82494
0.3838384,0.09090909,0.008952245,0.016727636,131.15239
0.3939394,0.09090909,0.009172657,0.017172806,132.67659
0.4040404,0.09090909,0.00937963,0.017616589,132.89154
0.41414142,0.09090909,0.009590387,0.018060667,133.43915
0.42424244,0.09090909,0.009809963,0.018505547,134.98683
0.43434343,0.09090909,0.010028226,0.018950446,136.08969
0.44444445,0.09090909,0.010232531,0.019393459,136.05394
0.45454547,0.09090909,0.010450294,0.019837987,137.1706
0.46464646,0.09090909,0.01065912,0.020281348,137.48947
0.47474748,0.09090909,0.010871623,0.02072513,138.33754
0.4848485,0.09090909,0.0110855885,0.021168986,139.1422
0.4949495,0.09090909,0.0112970425,0.021612467,139.88278
0.5050505,0.09090909,0.01151062,0.02205622,140.53024
0.5151515,0.09090909,0.011724381,0.02249988,141.6715
0.5252525,0.09090909,0.011931024,0.022942722,141.63237
0.53535354,0.09090909,0.012146019,0.023386383,142.66037
0.54545456,0.09090909,0.012359421,0.023829777,143.53357
0.5555556,0.09090909,0.012576797,0.02427356,144.8622
0.56565654,0.09090909,0.012784393,0.024716381,145.16972
0.57575756,0.09090909,0.0129969185,0.02515959,146.0677
0.5858586,0.09090909,0.013206277,0.02560235,146.54509
0.5959596,0.09090909,0.0134164905,0.026045274,147.18994
0.6060606,0.09090909,0.013632645,0.026488816,148.36882
0.61616164,0.09090909,0.013839006,0.026931338,148.63518
0.6262626,0.09090909,0.014052587,0.0273745,149.45082
0.6363636,0.09090909,0.014267434,0.027817864,150.46838
0.64646465,0.09090909,0.014485421,0.028261542,151.64223
0.65656567,0.09090909,0.014694662,0.028704133,152.5836
0.6666667,0.09090909,0.014905491,0.029146973,152.97253
0.67676765,0.09090909,0.015114031,0.029589541,153.24466
0.68686867,0.09090909,0.015331025,0.030033045,154.85435
0.6969697,0.09090909,0.01555038,0.030476825,156.05446
0.7070707,0.09090909,0.015757656,0.03091921,156.39775
0.7171717,0.09090909,0.015973754,0.031362567,157.66025
0.72727275,0.09090909,0.016188283,0.031805743,158.5696
0.7373737,0.09090909,0.016415266,0.032250274,160.75336
0.74747473,0.09090909,0.016610341,0.032691237,159.51172
0.75757575,0.09090909,0.016835365,0.033135545,161.76402
0.7676768,0.09090909,0.017040906,0.033577595,161.9298
0.7777778,0.09090909,0.017266894,0.03402202,163.96233
0.7878788,0.09090909,0.017467728,0.034463614,163.74849
0.7979798,0.09090909,0.017674465,0.034905702,164.11208
0.8080808,0.09090909,0.017893676,0.03534932,165.67186
0.8181818,0.09090909,0.018109594,0.03579254,166.67136
0.82828283,0.09090909,0.01831725,0.0362348,167.02414
0.83838385,0.09090909,0.018535413,0.036678247,168.37045
0.8484849,0.09090909,0.018741712,0.037120394,168.268
0.85858583,0.09090909,0.018959602,0.03756375,170.08781
0.86868685,0.09090909,0.019168863,0.038006086,170.71776
0.8787879,0.09090909,0.019393759,0.038450234,172.27457
0.8888889,0.09090909,0.019589037,0.038890965,171.58315
0.8989899,0.09090909,0.019819392,0.039335847,174.31155
0.90909094,0.09090909,0.020008378,0.039775763,172.887
0.9191919,0.09090909,0.020241814,0.04022093,175.48985
0.9292929,0.09090909,0.020443186,0.040662277,175.61838
0.93939394,0.09090909,0.020654473,0.041104764,175.71933
0.94949496,0.09090909,0.020867461,0.041547533,176.7151
0.959596,0.09090909,0.021075396,0.041989584,177.08763
0.969697,0.09090909,0.021289673,0.04243238,177.73509
0.97979796,0.09090909,0.02149373,0.042874042,177.88298
0.989899,0.09090909,0.021716962,0.043317866,179.57352
1.0,0.09090909,0.021931352,0.043760695,180.3305
0.0,0.1010101,0.0,0.0,0.0
0.01010101,0.1010101,0.00050739356,1.8538074e-05,63.562164
0.02020202,0.1010101,0.0009454764,0.00031036447,92.02045
0.030303031,0.1010101,0.0013389935,0.0008461647,96.01083
0.04040404,0.1010101,0.0016796202,0.001342763,101.65663
0.05050505,0.1010101,0.0020138558,0.0019286156,101.7252
0.060606062,0.1010101,0.0023278554,0.002484591,103.3549
0.07070707,0.1010101,0.0026324238,0.0030287479,105.41624
0.08080808,0.1010101,0.0029332924,0.0035854147,105.51636
0.09090909,0.1010101,0.0032244462,0.004122265,106.237595
0.1010101,0.1010101,0.0035066025,0.0046381326,107.78089
0.11111111,0.1010101,0.0037834595,0.005143969,109.555855
0.121212125,0.1010101,0.0040553175,0.0056448476,111.031395
0.13131313,0.1010101,0.0043247873,0.006143284,112.4864
0.14141414,0.1010101,0.004589405,0.0066403234,113.39998
0.15151516,0.1010101,0.004853748,0.007136376,114.253586
0.16161616,0.1010101,0.0051176986,0.0076316977,115.03538
0.17171717,0.1010101,0.0053780302,0.008125892,115.61597
0.18181819,0.1010101,0.0056420956,0.008619908,116.393715
0.1919192,0.1010101,0.005902353,0.009112783,117.010345
0.2020202,0.1010101,0.006162059,0.00960531,117.47293
0.21212122,0.1010101,0.006426071,0.010097586,118.39708
0.22222222,0.1010101,0.006686543,0.010589341,118.9827
0.23232323,0.1010101,0.0069479393,0.011080845,119.645615
0.24242425,0.1010101,0.007210358,0.0115722995,120.47235
0.25252524,0.1010101,0.0074712727,0.012063273,121.26137
0.26262626,0.1010101,0.007732191,0.012554189,122.23413
0.27272728,0.1010101,0.007993362,0.013045138,122.88811
0.28282827,0.1010101,0.008260336,0.013536716,124.24588
0.2929293,0.1010101,0.008518319,0.014027024,124.74032
0.3030303,0.1010101,0.008775062,0.0145174805,125.20216
0.3131313,0.1010101,0.009035789,0.015008174,125.99733
0.32323232,0.1010101,0.0092970105,0.015499012,126.89093
0.33333334,0.1010101,0.0095604295,0.015989795,127.83539
0.34343433,0.1010101,0.009818875,0.01648018,128.47539
0.35353535,0.1010101,0.010077624,0.016970458,129.2821
0.36363637,0.1010101,0.01033996,0.017461192,130.13426
0.37373737,0.1010101,0.010611823,0.0179528,131.79202
0.3838384,0.1010101,0.01086641,0.018442417,132.01628
0.3939394,0.1010101,0.011122274,0.018932233,132.38191
0.4040404,0.1010101,0.011391623,0.019423217,134.02905
0.41414142,0.1010101,0.011655445,0.019913789,135.08424
0.42424244,0.1010101,0.01191271,0.020403368,135.39363
0.43434343,0.1010101,0.012174184,0.020893319,136.24709
0.44444445,0.1010101,0.012432057,0.021382838,136.72356
0.45454547,0.1010101,0.012693624,0.02187273,137.48743
0.46464646,0.1010101,0.012955391,0.022362398,138.3556
0.47474748,0.1010101,0.013210728,0.022851465,138.73633
0.4848485,0.1010101,0.013480375,0.023341905,140.23073
0.4949495,0.1010101,0.013730063,0.023830127,140.14784
0.5050505,0.1010101,0.013990728,0.02431945,140.92531
0.5151515,0.1010101,0.014248827,0.024808416,141.19037
0.5252525,0.1010101,0.014509933,0.025297709,142.19452
0.53535354,0.1010101,0.014778316,0.025787715,143.77031
0.54545456,0.1010101,0.015032687,0.026276022,143.8534
0.5555556,0.1010101,0.015292753,0.026765075,144.58969
0.56565654,0.1010101,0.015559053,0.02725466,146.03232
0.57575756,0.1010101,0.015815763,0.027743097,146.46147
0.5858586,0.1010101,0.016073203,0.028231772,147.27303
0.5959596,0.1010101,0.01634202,0.028721524,148.47536
0.6060606,0.1010101,0.016594304,0.029209532,149.02632
0.61616164,0.1010101,0.016851483,0.029697977,149.4756
0.6262626,0.1010101,0.017111659,0.030186813,150.13591
0.6363636,0.1010101,0.017377505,0.03067612,151.67836
0.64646465,0.1010101,0.017630678,0.031164037,151.69028
0.65656567,0.1010101,0.017892012,0.031652834,152.77713
0.6666667,0.1010101,0.01815968,0.03214236,154.15028
0.67676765,0.1010101,0.01841838,0.0326308,154.92403
0.68686867,0.1010101,0.018674484,0.033119205,155.34386
0.6969697,0.1010101,0.018945407,0.03360902,157.17969
0.7070707,0.1010101,0.019205479,0.03409765,157.943
0.7171717,0.1010101,0.019461736,0.03458585,158.16652
0.72727275,0.1010101,0.019713057,0.035073426,158.32484
0.7373737,0.1010101,0.019996723,0.03556469,161.16165
0.74747473,0.1010101,0.02025011,0.03605248,161.09273
0.75757575,0.1010101,0.020504551,0.03654038,161.69362
0.7676768,0.1010101,0.020772928,0.03702988,162.91663
0.7777778,0.1010101,0.021039208,0.03751914,164.54012
0.7878788,0.1010101,0.021288423,0.038006417,164.33559
0.7979798,0.1010101,0.021551728,0.03849519,165.5776
0.8080808,0.1010101,0.02182576,0.03898541,167.29831
0.8181818,0.1010101,0.022076305,0.0394728,167.54419
0.82828283,0.1010101,0.022342596,0.039962035,168.70126
0.83838385,0.1010101,0.022593526,0.04044941,168.5977
0.8484849,0.1010101,0.022855477,0.040938064,169.48245
0.85858583,0.1010101,0.023129787,0.041428186,171.67702
0.86868685,0.1010101,0.02338584,0.041916125,172.40121
0.8787879,0.1010101,0.02363595,0.042403363,172.12555
0.8888889,0.1010101,0.023883618,0.0428903,172.01007
0.8989899,0.1010101,0.024169883,0.04338181,174.91281
0.90909094,0.1010101,0.024424829,0.043869615,175.41833
0.9191919,0.1010101,0.02468872,0.044358417,176.25168
0.9292929,0.1010101,0.024936656,0.044845264,176.04083
0.93939394,0.1010101,0.025195455,0.04533359,176.56386
0.94949496,0.1010101,0.025467115,0.045823187,178.45557
0.959596,0.1010101,0.02572482,0.046311263,178.74576
0.969697,0.1010101,0.025987701,0.046799935,179.70502
0.97979796,0.1010101,0.026237277,0.047286943,179.73967
0.989899,0.1010101,0.026486853,0.04777404,179.30977
1.0,0.1010101,0.026756024,0.048263438,180.78722
0.0,0.11111111,0.0,0.0,0.0
0.01010101,0.11111111,0.0005748632,2.1614826e-05,66.21759
0.02020202,0.11111111,0.0010725382,0.00036101637,92.876305
0.030303031,0.11111111,0.0015259195,0.00093904685,96.32788
0.04040404,0.11111111,0.0019249985,0.0014787372,102.13533
0.05050505,0.11111111,0.0023210368,0.0021122545,101.74536
0.060606062,0.11111111,0.0026940864,0.0027129785,103.4342
0.07070707,0.11111111,0.003059034,0.0033006466,105.85214
0.08080808,0.11111111,0.003419196,0.003904597,105.88193
0.09090909,0.11111111,0.0037678897,0.0044876994,106.557785
0.1010101,0.11111111,0.004105761,0.005050641,108.04669
0.11111111,0.11111111,0.0044373698,0.005602785,109.7613
0.121212125,0.11111111,0.0047660414,0.006150259,111.41896
0.13131313,0.11111111,0.0050878483,0.0066947434,112.6484
0.14141414,0.11111111,0.0054073343,0.0072375666,113.70908
0.15151516,0.11111111,0.0057241796,0.0077792774,114.54816
0.16161616,0.11111111,0.006039262,0.008320107,115.279854
0.17171717,0.11111111,0.006354384,0.008859991,115.92489
0.18181819,0.11111111,0.0066679716,0.009399053,116.52661
0.1919192,0.11111111,0.0069802497,0.009937449,116.98315
0.2020202,0.11111111,0.007294942,0.010475755,117.686295
0.21212122,0.11111111,0.007608877,0.011012948,118.37622
0.22222222,0.11111111,0.007926661,0.0115504805,119.27616
0.23232323,0.11111111,0.00823958,0.0120871775,120.06024
0.24242425,0.11111111,0.008552974,0.012623718,120.650604
0.25252524,0.11111111,0.008865952,0.013159892,121.42277
0.26262626,0.11111111,0.0091802785,0.0136961,122.25974
0.27272728,0.11111111,0.009494626,0.014232333,123.16695
0.28282827,0.11111111,0.00980706,0.014768277,123.71102
0.2929293,0.11111111,0.010124583,0.015304547,124.92742
0.3030303,0.11111111,0.010436243,0.015840234,125.75761
0.3131313,0.11111111,0.010750702,0.016376246,126.60343
0.32323232,0.11111111,0.011062373,0.016911864,127.26542
0.33333334,0.11111111,0.011379702,0.017448021,128.28261
0.34343433,0.11111111,0.011694605,0.017983828,129.35437
0.35353535,0.11111111,0.012008788,0.018519579,130.29129
0.36363637,0.11111111,0.012321706,0.019055173,131.0585
0.37373737,0.11111111,0.012633979,0.019590603,131.70746
0.3838384,0.11111111,0.012949166,0.02012636,132.67062
0.3939394,0.11111111,0.013261447,0.020661566,133.34825
0.4040404,0.11111111,0.013576567,0.021197017,134.00186
0.41414142,0.11111111,0.013887198,0.02173177,134.81396
0.42424244,0.11111111,0.0141974045,0.022266535,135.3925
0.43434343,0.11111111,0.014515056,0.0228018,136.50935
0.44444445,0.11111111,0.014833023,0.023337342,137.46898
0.45454547,0.11111111,0.015147929,0.02387218,138.53163
0.46464646,0.11111111,0.015465474,0.024407292,139.42961
0.47474748,0.11111111,0.01577637,0.024941543,140.1931
0.4848485,0.11111111,0.016086766,0.025475752,140.8292
0.4949495,0.11111111,0.01640319,0.026010532,141.68974
0.5050505,0.11111111,0.016714675,0.026544634,142.44188
0.5151515,0.11111111,0.01702217,0.027078312,142.68495
0.5252525,0.11111111,0.017336978,0.027612643,143.56934
0.53535354,0.11111111,0.017643223,0.028146029,144.111
0.54545456,0.11111111,0.017960286,0.028680354,145.12633
0.5555556,0.11111111,0.018271279,0.029214166,145.85461
0.56565654,0.11111111,0.018585034,0.029748106,146.6725
0.57575756,0.11111111,0.018891986,0.030281393,147.31978
0.5858586,0.11111111,0.019204764,0.030815307,147.89514
0.5959596,0.11111111,0.019525742,0.031349964,149.29213
0.6060606,0.11111111,0.019828396,0.031882577,149.52794
0.61616164,0.11111111,0.020140333,0.032416236,150.16496
0.6262626,0.11111111,0.020453686,0.032950018,150.89325
0.6363636,0.11111111,0.020766921,0.033483684,152.20753
0.64646465,0.11111111,0.021075258,0.034016874,152.53163
0.65656567,0.11111111,0.021392416,0.034551024,153.79115
0.6666667,0.11111111,0.021721544,0.035086535,155.47313
0.67676765,0.11111111,0.022011675,0.03561773,155.07564
0.68686867,0.11111111,0.022330254,0.036151927,156.3102
0.6969697,0.11111111,0.022652725,0.036686655,157.66733
0.7070707,0.11111111,0.022965401,0.037220344,158.60982
0.7171717,0.11111111,0.023276309,0.037753705,159.09598
0.72727275,0.11111111,0.023603033,0.03828877,160.81631
0.7373737,0.11111111,0.023906277,0.03882123,161.17879
0.74747473,0.11111111,0.024229502,0.039355986,163.02019
0.75757575,0.11111111,0.02453495,0.03988866,162.93376
0.7676768,0.11111111,0.024855819,0.040422987,164.64107
0.7777778,0.11111111,0.025162878,0.04095592,164.91786
0.7878788,0.11111111,0.025478916,0.041489784,165.94566
0.7979798,0.11111111,0.02578136,0.04202204,166.04028
0.8080808,0.11111111,0.026094547,0.042555563,166.7384
0.8181818,0.11111111,0.02640709,0.043089017,167.54083
0.82828283,0.11111111,0.02672738,0.043623455,168.93782
0.83838385,0.11111111,0.027062401,0.04415942,171.88377
0.8484849,0.11111111,0.027345896,0.04468952,170.29904
0.85858583,0.11111111,0.02766963,0.045224156,171.96945
0.86868685,0.11111111,0.02798766,0.045758143,173.23605
0.8787879,0.11111111,0.028296227,0.04629106,173.2383
0.8888889,0.11111111,0.028605865,0.04682423,174.2646
0.8989899,0.11111111,0.02892571,0.04735841,175.78267
0.90909094,0.11111111,0.029258093,0.047894023,177.37373
0.9191919,0.11111111,0.029553927,0.048425324,177.40317
0.9292929,0.11111111,0.029860348,0.048957985,177.44005
0.93939394,0.11111111,0.03017269,0.04949136,178.45854
0.94949496,0.11111111,0.030483965,0.0500245,179.258
0.959596,0.11111111,0.030797299,0.050557867,179.85739
0.969697,0.11111111,0.031116238,0.051091928,180.85056
0.97979796,0.11111111,0.031414,0.051623356,180.61475
0.989899,0.11111111,0.031732574,0.052157532,181.66452
1.0,0.11111111,0.032035537,0.05268961,181.06252
0.0,0.121212125,0.0,0.0,0.0
0.01010101,0.121212125,0.0006453465,2.5081861e-05,68.81302
0.02020202,0.121212125,0.0012059014,0.0004134844,93.31615
0.030303031,0.121212125,0.0017228646,0.0010306103,96.76864
0.04040404,0.121212125,0.0021850904,0.0016123614,102.765564
0.05050505,0.121212125,0.0026466507,0.0022934042,101.773674
0.060606062,0.121212125,0.003085043,0.0029366899,103.72202
0.07070707,0.121212125,0.0035130065,0.00356515,106.41681
0.08080808,0.121212125,0.003936587,0.004214405,106.35578
0.09090909,0.121212125,0.0043466017,0.0048449524,106.77418
0.1010101,0.121212125,0.0047461656,0.0054541007,108.24883
0.11111111,0.121212125,0.005136143,0.006051318,109.83138
0.121212125,0.121212125,0.0055218255,0.0066441433,111.3391
0.13131313,0.121212125,0.005905224,0.007233806,112.82219
0.14141414,0.121212125,0.0062804352,0.007821473,113.75369
0.15151516,0.121212125,0.006654664,0.008408078,114.613304
0.16161616,0.121212125,0.0070269736,0.008993785,115.235054
0.17171717,0.121212125,0.0074022147,0.00957874,116.19059
0.18181819,0.121212125,0.0077749225,0.0101628145,116.89291
0.1919192,0.121212125,0.008144767,0.010746059,117.30241
0.2020202,0.121212125,0.008515012,0.011328451,118.01244
0.21212122,0.121212125,0.008886301,0.011910619,118.68747
0.22222222,0.121212125,0.009258159,0.012492321,119.419395
0.23232323,0.121212125,0.0096315285,0.013073791,120.30369
0.24242425,0.121212125,0.01000209,0.013654928,121.00162
0.25252524,0.121212125,0.010377445,0.014236015,121.946815
0.26262626,0.121212125,0.010747211,0.014816548,122.78249
0.27272728,0.121212125,0.011115675,0.015396703,123.37584
0.28282827,0.121212125,0.011491084,0.01597775,124.43028
0.2929293,0.121212125,0.011857783,0.01655748,125.23923
0.3030303,0.121212125,0.012229447,0.017137917,126.02266
0.3131313,0.121212125,0.012599475,0.01771826,126.7435
0.32323232,0.121212125,0.012969684,0.018298324,127.6955
0.33333334,0.121212125,0.013340425,0.01887848,128.57094
0.34343433,0.121212125,0.013714757,0.01945894,129.54381
0.35353535,0.121212125,0.014078924,0.020038323,129.92267
0.36363637,0.121212125,0.014455184,0.020618975,131.20323
0.37373737,0.121212125,0.014828071,0.02119893,132.32622
0.3838384,0.121212125,0.0151979225,0.021778585,133.04185
0.3939394,0.121212125,0.015575888,0.022359002,134.31125
0.4040404,0.121212125,0.015932426,0.02293704,134.28125
0.41414142,0.121212125,0.016317826,0.023518039,135.7995
0.42424244,0.121212125,0.016679537,0.02409641,135.98372
0.43434343,0.121212125,0.017051531,0.024675813,136.74126
0.44444445,0.121212125,0.017433388,0.025256144,138.70317
0.45454547,0.121212125,0.017797353,0.025834436,139.01778
0.46464646,0.121212125,0.01816305,0.026412766,139.33218
0.47474748,0.121212125,0.018545866,0.02699288,141.18011
0.4848485,0.121212125,0.018899756,0.02756987,140.737
0.4949495,0.121212125,0.01927076,0.028148554,141.5981
0.5050505,0.121212125,0.019648785,0.02872785,143.08337
0.5151515,0.121212125,0.02001317,0.029305639,143.20389
0.5252525,0.121212125,0.020395322,0.029885324,144.78955
0.53535354,0.121212125,0.020746106,0.03046149,144.44589
0.54545456,0.121212125,0.021122154,0.031040313,145.76
0.5555556,0.121212125,0.021492105,0.03161839,146.6535
0.56565654,0.121212125,0.021862797,0.032196634,147.5472
0.57575756,0.121212125,0.02222466,0.032773834,148.06837
0.5858586,0.121212125,0.022590986,0.033351433,148.62753
0.5959596,0.121212125,0.02296821,0.03393021,149.82634
0.6060606,0.121212125,0.023346128,0.034509026,151.25052
0.61616164,0.121212125,0.023706708,0.035086,151.25908
0.6262626,0.121212125,0.024072513,0.035663225,152.19487
0.6363636,0.121212125,0.024459356,0.03624312,153.76285
0.64646465,0.121212125,0.024820924,0.036820076,154.35852
0.65656567,0.121212125,0.025189748,0.037397668,155.12071
0.6666667,0.121212125,0.025554499,0.037975032,155.56291
0.67676765,0.121212125,0.025930004,0.038553588,156.89842
0.68686867,0.121212125,0.026304154,0.03913183,157.7653
0.6969697,0.121212125,0.02666337,0.039708447,158.02086
0.7070707,0.121212125,0.027038502,0.040286917,159.22636
0.7171717,0.121212125,0.027408289,0.040864483,160.14763
0.72727275,0.121212125,0.027775139,0.041441943,160.4855
0.7373737,0.121212125,0.028152488,0.04202048,162.02963
0.74747473,0.121212125,0.028532661,0.042599436,163.6494
0.75757575,0.121212125,0.028890748,0.04317581,163.332
0.7676768,0.121212125,0.029265936,0.04375405,164.69434
0.7777778,0.121212125,0.029633999,0.04433149,165.60107
0.7878788,0.121212125,0.030005055,0.04490932,166.23921
0.7979798,0.121212125,0.03038237,0.045487847,168.06424
0.8080808,0.121212125,0.030759696,0.046066426,168.87561
0.8181818,0.121212125,0.031117085,0.04664271,169.16469
0.82828283,0.121212125,0.031487413,0.04722045,170.09898
0.83838385,0.121212125,0.03185727,0.047798023,170.82654
0.8484849,0.121212125,0.032250237,0.048378322,172.91457
0.85858583,0.121212125,0.032606002,0.048954383,173.05054
0.86868685,0.121212125,0.03298035,0.04953244,174.37077
0.8787879,0.121212125,0.03335567,0.050110754,175.41498
0.8888889,0.121212125,0.033719085,0.050687622,176.01698
0.8989899,0.121212125,0.03407776,0.051263977,176.20921
0.90909094,0.121212125,0.03445746,0.051842727,177.59912
0.9191919,0.121212125,0.034810353,0.052418277,176.99934
0.9292929,0.121212125,0.03519515,0.05299767,179.00056
0.93939394,0.121212125,0.03554436,0.053572934,178.33374
0.94949496,0.121212125,0.03593183,0.054152507,180.01422
0.959596,0.121212125,0.036303863,0.05473035,180.60654
0.969697,0.121212125,0.03667754,0.055308327,182.40771
0.97979796,0.121212125,0.03702437,0.05588309,181.54643
0.989899,0.121212125,0.037390098,0.056460287,181.25325
1.0,0.121212125,0.03776809,0.0570387,182.45206
0.0,0.13131313,0.0,0.0,0.0
0.01010101,0.13131313,0.0007189114,2.8852191e-05,71.341675
0.02020202,0.13131313,0.001345111,0.00046745033,93.78957
0.030303031,0.13131313,0.0019291486,0.001122181,97.14308
0.04040404,0.13131313,0.0024580203,0.0017474577,103.11728
0.05050505,0.13131313,0.0029906307,0.0024688074,101.99959
0.060606062,0.13131313,0.0034968571,0.0031571265,103.775856
0.07070707,0.13131313,0.0039940462,0.003825549,106.827866
0.08080808,0.13131313,0.004483703,0.0045180162,106.670616
0.09090909,0.13131313,0.004960081,0.005192985,107.02712
0.1010101,0.13131313,0.0054256297,0.0058472916,108.39421
0.11111111,0.13131313,0.005880229,0.006489911,109.91506
0.121212125,0.13131313,0.0063316016,0.007127272,111.528206
0.13131313,0.13131313,0.006775539,0.0077611743,112.89078
0.14141414,0.13131313,0.0072158645,0.008393107,113.981125
0.15151516,0.13131313,0.007651515,0.00902377,114.74108
0.16161616,0.13131313,0.008087241,0.009653458,115.48754
0.17171717,0.13131313,0.008520621,0.0102821635,116.21537
0.18181819,0.13131313,0.008954439,0.010910158,116.97291
0.1919192,0.13131313,0.009387643,0.011537188,117.54669
0.2020202,0.13131313,0.009821392,0.012163889,118.29026
0.21212122,0.13131313,0.010256867,0.012789985,119.20147
0.22222222,0.13131313,0.010687752,0.013415296,119.68566
0.23232323,0.13131313,0.011123023,0.014040634,120.543686
0.24242425,0.13131313,0.01155468,0.014665071,121.297874
0.25252524,0.13131313,0.011989627,0.015290011,122.16903
0.26262626,0.13131313,0.012420032,0.01591395,122.75353
0.27272728,0.13131313,0.012851683,0.016537953,123.72602
0.28282827,0.13131313,0.013287124,0.017162483,124.61636
0.2929293,0.13131313,0.013720198,0.017786475,125.35788
0.3030303,0.13131313,0.014157257,0.018410802,126.63566
0.3131313,0.13131313,0.014583166,0.019033952,127.06369
0.32323232,0.13131313,0.015020816,0.019658318,128.20512
0.33333334,0.13131313,0.015451335,0.020281833,129.23106
0.34343433,0.13131313,0.015882187,0.02090534,130.00555
0.35353535,0.13131313,0.0163134,0.021528883,130.69138
0.36363637,0.13131313,0.016748399,0.022152698,131.83951
0.37373737,0.13131313,0.017179804,0.022775862,132.55756
0.3838384,0.13131313,0.017612312,0.023399327,133.4982
0.3939394,0.13131313,0.01804364,0.024022244,134.18272
0.4040404,0.13131313,0.018476885,0.024645315,135.19003
0.41414142,0.13131313,0.01891337,0.02526879,136.0841
0.42424244,0.13131313,0.01933996,0.025891019,136.4734
0.43434343,0.13131313,0.0197794,0.026514411,138.13264
0.44444445,0.13131313,0.020217447,0.027137728,138.89856
0.45454547,0.13131313,0.020641658,0.027759172,139.47505
0.46464646,0.13131313,0.021076886,0.028382024,140.3246
0.47474748,0.13131313,0.02150797,0.029004121,141.13783
0.4848485,0.13131313,0.021936411,0.029625706,141.66943
0.4949495,0.13131313,0.022369394,0.030247789,142.3195
0.5050505,0.13131313,0.022796644,0.030869354,143.07164
0.5151515,0.13131313,0.023230046,0.031491343,143.91653
0.5252525,0.13131313,0.02366456,0.03211331,145.19728
0.53535354,0.13131313,0.024089957,0.03273428,145.75012
0.54545456,0.13131313,0.024526052,0.033356484,146.5492
0.5555556,0.13131313,0.024958948,0.033978134,147.81169
0.56565654,0.13131313,0.025385866,0.034599107,148.33435
0.57575756,0.13131313,0.025810394,0.03521985,148.58582
0.5858586,0.13131313,0.026247352,0.03584179,149.68515
0.5959596,0.13131313,0.02667715,0.036463022,150.6228
0.6060606,0.13131313,0.027111977,0.037084773,151.85773
0.61616164,0.13131313,0.02753613,0.03770508,152.29321
0.6262626,0.13131313,0.027973918,0.038327027,153.7826
0.6363636,0.13131313,0.028389653,0.03894665,153.41154
0.64646465,0.13131313,0.028829526,0.039568797,155.00299
0.65656567,0.13131313,0.029259196,0.04018986,155.27309
0.6666667,0.13131313,0.029694384,0.040811647,156.65814
0.67676765,0.13131313,0.030120753,0.04143223,156.9096
0.68686867,0.13131313,0.030560808,0.042054445,158.33415
0.6969697,0.13131313,0.030972414,0.042673428,158.1177
0.7070707,0.13131313,0.03142243,0.043296624,160.13869
0.7171717,0.13131313,0.03186738,0.043919228,161.95215
0.72727275,0.13131313,0.03228864,0.044539303,161.7752
0.7373737,0.13131313,0.032727864,0.0451613,163.44264
0.74747473,0.13131313,0.03316195,0.045782637,164.18398
0.75757575,0.13131313,0.03358621,0.046403013,164.59077
0.7676768,0.13131313,0.0340203,0.047024414,166.19339
0.7777778,0.13131313,0.03445513,0.047645852,166.7492
0.7878788,0.13131313,0.034862984,0.048264284,165.98329
0.7979798,0.13131313,0.03530838,0.048886977,167.87387
0.8080808,0.13131313,0.035746064,0.049508773,169.16655
0.8181818,0.13131313,0.0361768,0.05012993,169.97903
0.82828283,0.13131313,0.036607444,0.050750937,170.9044
0.83838385,0.13131313,0.037063017,0.051374648,173.11014
0.8484849,0.13131313,0.037460618,0.05199199,172.04173
0.85858583,0.13131313,0.037917193,0.052615706,174.07574
0.86868685,0.13131313,0.038351454,0.053237047,175.45149
0.8787879,0.13131313,0.038781874,0.05385821,176.05238
0.8888889,0.13131313,0.039211236,0.054478977,176.88535
0.8989899,0.13131313,0.039645135,0.055100255,178.02269
0.90909094,0.13131313,0.040068306,0.05572033,178.45743
0.9191919,0.13131313,0.04048051,0.05633924,178.33002
0.9292929,0.13131313,0.040922776,0.056961577,179.26283
0.93939394,0.13131313,0.041356027,0.0575828,180.46536
0.94949496,0.13131313,0.041794747,0.05820455,181.45218
0.959596,0.13131313,0.042204466,0.058823347,180.633
0.969697,0.13131313,0.042639263,0.059444647,182.30676
0.97979796,0.13131313,0.043085888,0.060067516,182.76758
0.989899,0.13131313,0.043487746,0.060685072,182.1343
1.0,0.13131313,0.043936778,0.061308198,183.34686
0.0,0.14141414,0.0,0.0,0.0
0.01010101,0.14141414,0.00079536904,3.26186e-05,73.83581
0.02020202,0.14141414,0.0014896884,0.0005259338,94.096756
0.030303031,0.14141414,0.0021457889,0.0012114755,97.72253
0.04040404,0.14141414,0.002745084,0.0018777035,103.69085
0.05050505,0.14141414,0.0033521026,0.0026429917,102.0578
0.060606062,0.14141414,0.00393239,0.0033715738,104.0085
0.07070707,0.14141414,0.004502013,0.0040785684,107.37809
0.08080808,0.14141414,0.005063826,0.004815595,107.06736
0.09090909,0.14141414,0.005611273,0.00553432,107.29814
0.1010101,0.14141414,0.006147402,0.00623155,108.69266
0.11111111,0.14141414,0.006669916,0.006917207,110.14021
0.121212125,0.14141414,0.007187295,0.007598604,111.60243
0.13131313,0.14141414,0.0077012884,0.008275781,113.10196
0.14141414,0.14141414,0.008207027,0.008951136,114.18694
0.15151516,0.14141414,0.008711376,0.009625238,115.154495
0.16161616,0.14141414,0.009213733,0.010298533,115.90803
0.17171717,0.14141414,0.00971348,0.010970247,116.60494
0.18181819,0.14141414,0.010212605,0.011641451,117.22464
0.1919192,0.14141414,0.010716451,0.012312186,118.147026
0.2020202,0.14141414,0.011211179,0.012981385,118.68775
0.21212122,0.14141414,0.011711193,0.013650377,119.31211
0.22222222,0.14141414,0.012210492,0.014318821,119.99477
0.23232323,0.14141414,0.0127114225,0.014987211,120.71775
0.24242425,0.14141414,0.013210437,0.015654799,121.54244
0.25252524,0.14141414,0.013707323,0.016322067,122.36275
0.26262626,0.14141414,0.014204151,0.016988926,123.128296
0.27272728,0.14141414,0.014703898,0.017656086,123.96351
0.28282827,0.14141414,0.015202724,0.01832303,124.81418
0.2929293,0.14141414,0.01570458,0.018990181,125.88966
0.3030303,0.14141414,0.016205363,0.019657113,126.77219
0.3131313,0.14141414,0.01670118,0.020323446,127.737595
0.32323232,0.14141414,0.01719255,0.02098936,128.11906
0.33333334,0.14141414,0.017699303,0.021656688,129.44731
0.34343433,0.14141414,0.018197658,0.02232319,130.33934
0.35353535,0.14141414,0.018692736,0.022989048,131.25017
0.36363637,0.14141414,0.019196564,0.023655813,132.31187
0.37373737,0.14141414,0.01969306,0.024321657,133.10406
0.3838384,0.14141414,0.020192422,0.024987744,133.9592
0.3939394,0.14141414,0.020696647,0.025654389,134.9887
0.4040404,0.14141414,0.021190882,0.026319617,135.86525
0.41414142,0.14141414,0.021694766,0.02698572,137.03313
0.42424244,0.14141414,0.022194598,0.027651433,137.95197
0.43434343,0.14141414,0.022685153,0.028315876,138.55696
0.44444445,0.14141414,0.023180028,0.028980851,139.00977
0.45454547,0.14141414,0.023681326,0.029646227,140.14784
0.46464646,0.14141414,0.024175981,0.030310867,140.61127
0.47474748,0.14141414,0.024686703,0.030976966,142.02818
0.4848485,0.14141414,0.025173668,0.03164059,142.22823
0.4949495,0.14141414,0.025673503,0.032305308,143.25566
0.5050505,0.14141414,0.02616776,0.032969546,144.04506
0.5151515,0.14141414,0.026671752,0.033634737,145.38876
0.5252525,0.14141414,0.027173132,0.034299377,146.23926
0.53535354,0.14141414,0.027661819,0.034962706,146.64828
0.54545456,0.14141414,0.028154172,0.03562646,147.24731
0.5555556,0.14141414,0.028643135,0.036289725,147.70702
0.56565654,0.14141414,0.029136552,0.03695338,148.54594
0.57575756,0.14141414,0.029641408,0.03761821,149.58456
0.5858586,0.14141414,0.0301341,0.038281664,150.12808
0.5959596,0.14141414,0.030638432,0.03894646,151.43231
0.6060606,0.14141414,0.03113504,0.039610278,152.10509
0.61616164,0.14141414,0.031623125,0.040273126,152.70598
0.6262626,0.14141414,0.032124467,0.040937405,153.796
0.6363636,0.14141414,0.032604817,0.041599233,154.1026
0.64646465,0.14141414,0.03312452,0.042265553,155.7935
0.65656567,0.14141414,0.03360814,0.042927932,156.1515
0.6666667,0.14141414,0.034099877,0.04359132,156.56761
0.67676765,0.14141414,0.03461123,0.0442566,157.93816
0.68686867,0.14141414,0.035109844,0.044920478,159.13025
0.6969697,0.14141414,0.0356178,0.045585226,160.47061
0.7070707,0.14141414,0.036109336,0.046248365,160.89566
0.7171717,0.14141414,0.036609773,0.04691268,161.85753
0.72727275,0.14141414,0.037109427,0.047576558,163.088
0.7373737,0.14141414,0.03761113,0.048240818,164.07297
0.74747473,0.14141414,0.03810784,0.048904337,164.89923
0.75757575,0.14141414,0.03859497,0.049566966,165.25462
0.7676768,0.14141414,0.039104044,0.05023197,167.00812
0.7777778,0.14141414,0.03959273,0.050894722,167.30688
0.7878788,0.14141414,0.04009862,0.05155929,168.44235
0.7979798,0.14141414,0.040593844,0.052222792,169.11104
0.8080808,0.14141414,0.041105837,0.05288835,170.61867
0.8181818,0.14141414,0.041590683,0.053550545,170.85895
0.82828283,0.14141414,0.04209092,0.05421456,171.83162
0.83838385,0.14141414,0.042596664,0.05487922,173.63391
0.8484849,0.14141414,0.043076366,0.055540856,172.99503
0.85858583,0.14141414,0.04357273,0.056204464,174.17223
0.86868685,0.14141414,0.044101037,0.056871694,176.74118
0.8787879,0.14141414,0.044590596,0.0575346,177.43446
0.8888889,0.14141414,0.045067213,0.058195982,176.82388
0.8989899,0.14141414,0.045572568,0.05886059,178.05472
0.90909094,0.14141414,0.04606126,0.059523355,178.47717
0.9191919,0.14141414,0.046559542,0.060187224,179.58209
0.9292929,0.14141414,0.047058333,0.060851004,180.06377
0.93939394,0.14141414,0.047538165,0.061512716,179.54036
0.94949496,0.14141414,0.04806793,0.062180225,182.36525
0.959596,0.14141414,0.048542775,0.06284142,181.97447
0.969697,0.14141414,0.049017772,0.06350249,181.83217
0.97979796,0.14141414,0.04951847,0.06416668,182.46547
0.989899,0.14141414,0.05001623,0.064830385,183.09056
1.0,0.14141414,0.0505132,0.06549416,183.98016
0.0,0.15151516,0.0,0.0,0.0
0.01010101,0.15151516,0.00087473844,3.6795354e-05,76.229774
0.02020202,0.15151516,0.001640922,0.0005827789,94.79371
0.030303031,0.15151516,0.0023717135,0.0012994388,98.33593
0.04040404,0.15151516,0.0030465946,0.0020076423,104.15383
0.05050505,0.15151516,0.0037303555,0.0028122775,102.20378
0.060606062,0.15151516,0.0043883626,0.0035803467,104.23912
0.07070707,0.15151516,0.0050350926,0.0043267636,107.797844
0.08080808,0.15151516,0.005672639,0.005105592,107.2817
0.09090909,0.15151516,0.006295035,0.0058653113,107.60617
0.1010101,0.15151516,0.0069031706,0.006604337,108.89261
0.11111111,0.15151516,0.007503781,0.0073349252,110.421234
0.121212125,0.15151516,0.008093158,0.008058483,111.86423
0.13131313,0.15151516,0.008671777,0.0087782815,112.93339
0.14141414,0.15151516,0.009254839,0.009496495,114.31817
0.15151516,0.15151516,0.009828798,0.010212793,115.19939
0.16161616,0.15151516,0.010398688,0.0109279165,115.89695
0.17171717,0.15151516,0.010973051,0.011642614,116.84084
0.18181819,0.15151516,0.011545281,0.012356504,117.503105
0.1919192,0.15151516,0.012115447,0.013069111,118.24118
0.2020202,0.15151516,0.012685646,0.013781182,118.767746
0.21212122,0.15151516,0.013252167,0.014492082,119.38484
0.22222222,0.15151516,0.013822326,0.01520289,120.26196
0.23232323,0.15151516,0.0143946735,0.01591303,121.18518
0.24242425,0.15151516,0.014960427,0.016622566,121.66035
0.25252524,0.15151516,0.01553482,0.017332612,122.77439
0.26262626,0.15151516,0.016100043,0.018041426,123.40211
0.27272728,0.15151516,0.01667124,0.018750628,124.333984
0.28282827,0.15151516,0.017245071,0.01946021,125.36533
0.2929293,0.15151516,0.017812213,0.020168792,126.37861
0.3030303,0.15151516,0.018378483,0.020877322,127.185135
0.3131313,0.15151516,0.018949043,0.02158603,127.95124
0.32323232,0.15151516,0.019517211,0.022294542,129.11093
0.33333334,0.15151516,0.020079521,0.023002366,129.50897
0.34343433,0.15151516,0.020650646,0.02371079,130.71112
0.35353535,0.15151516,0.02122225,0.024419433,131.81549
0.36363637,0.15151516,0.021795597,0.025128094,132.93977
0.37373737,0.15151516,0.022362618,0.02583593,133.63957
0.3838384,0.15151516,0.022929557,0.026543688,134.69774
0.3939394,0.15151516,0.023505589,0.027252212,135.70674
0.4040404,0.15151516,0.024073048,0.02795967,136.47842
0.41414142,0.15151516,0.024633037,0.0286661,136.94019
0.42424244,0.15151516,0.02520925,0.029374134,138.14513
0.43434343,0.15151516,0.025772862,0.03008085,138.95798
0.44444445,0.15151516,0.026352867,0.030789094,140.38179
0.45454547,0.15151516,0.026925335,0.031496294,141.3133
0.46464646,0.15151516,0.027485838,0.032202378,141.6564
0.47474748,0.15151516,0.028044052,0.032908063,142.2275
0.4848485,0.15151516,0.02861092,0.03361426,142.87383
0.4949495,0.15151516,0.029181847,0.03432111,143.91429
0.5050505,0.15151516,0.029744877,0.03502683,144.68394
0.5151515,0.15151516,0.030317187,0.03573352,145.61824
0.5252525,0.15151516,0.030886559,0.03643984,146.60246
0.53535354,0.15151516,0.03144847,0.037145313,147.16312
0.54545456,0.15151516,0.032016642,0.037851322,148.07954
0.5555556,0.15151516,0.032584347,0.03855723,148.92444
0.56565654,0.15151516,0.033152513,0.039263055,149.76003
0.57575756,0.15151516,0.03371739,0.039968815,150.4682
0.5858586,0.15151516,0.034288235,0.04067475,151.44795
0.5959596,0.15151516,0.034837097,0.04137852,151.74449
0.6060606,0.15151516,0.035411566,0.042084716,152.93211
0.61616164,0.15151516,0.03598416,0.042790927,153.93384
0.6262626,0.15151516,0.036548384,0.043496266,155.05515
0.6363636,0.15151516,0.037102584,0.044200372,154.80331
0.64646465,0.15151516,0.03766917,0.04490594,155.80244
0.65656567,0.15151516,0.038253143,0.045613535,157.44827
0.6666667,0.15151516,0.038819186,0.04631884,158.6631
0.67676765,0.15151516,0.039395086,0.047025453,159.38617
0.68686867,0.15151516,0.0399441,0.047728878,159.64508
0.6969697,0.15151516,0.0405323,0.04843653,161.29054
0.7070707,0.15151516,0.041099854,0.049142063,162.14438
0.7171717,0.15151516,0.041668985,0.04984779,163.25452
0.72727275,0.15151516,0.042231493,0.05055284,163.76971
0.7373737,0.15151516,0.04279827,0.051258184,164.21414
0.74747473,0.15151516,0.0433684,0.051963978,165.47293
0.75757575,0.15151516,0.043944024,0.052670404,166.46236
0.7676768,0.15151516,0.04448803,0.053373266,166.50446
0.7777778,0.15151516,0.045070488,0.054080486,167.99942
0.7878788,0.15151516,0.04561467,0.054783255,167.86531
0.7979798,0.15151516,0.046219673,0.055493224,170.92638
0.8080808,0.15151516,0.046781886,0.056198005,171.26427
0.8181818,0.15151516,0.04733549,0.056901924,171.44754
0.82828283,0.15151516,0.047908373,0.057608023,172.79349
0.83838385,0.15151516,0.0484879,0.058314767,173.95616
0.8484849,0.15151516,0.049043916,0.05901909,173.80603
0.85858583,0.15151516,0.04960984,0.0597244,174.7992
0.86868685,0.15151516,0.05016418,0.060428552,175.53456
0.8787879,0.15151516,0.050739594,0.061134983,176.6149
0.8888889,0.15151516,0.05132825,0.061842777,178.52634
0.8989899,0.15151516,0.051878367,0.062546365,178.49654
0.90909094,0.15151516,0.05245118,0.06325266,179.42339
0.9191919,0.15151516,0.053008668,0.06395702,180.52086
0.9292929,0.15151516,0.05357535,0.06466251,181.0491
0.93939394,0.15151516,0.054150656,0.065368965,181.77852
0.94949496,0.15151516,0.054707985,0.06607336,182.55264
0.959596,0.15151516,0.0552746,0.06677895,183.05034
0.969697,0.15151516,0.055834845,0.06748376,183.55101
0.97979796,0.15151516,0.05640371,0.06818946,184.08745
0.989899,0.15151516,0.056954086,0.06889323,184.52481
1.0,0.15151516,0.05751588,0.069598064,184.27745
0.0,0.16161616,0.0,0.0,0.0
0.01010101,0.16161616,0.0009567619,4.2049604e-05,78.42804
0.02020202,0.16161616,0.001798874,0.0006399098,95.509094
0.030303031,0.16161616,0.0026073093,0.0013882387,98.79458
0.04040404,0.16161616,0.0033615138,0.0021357662,104.56154
0.05050505,0.16161616,0.004126237,0.002977742,102.374306
0.060606062,0.16161616,0.004866064,0.0037873506,104.26312
0.07070707,0.16161616,0.0055926978,0.004569564,108.00897
0.08080808,0.16161616,0.006313359,0.0053884913,107.627266
0.09090909,0.16161616,0.007013777,0.0061878366,107.94573
0.1010101,0.16161616,0.007698673,0.0069688614,109.08498
0.11111111,0.16161616,0.0083768135,0.0077412776,110.46869
0.121212125,0.16161616,0.009041468,0.008506722,111.8782
0.13131313,0.16161616,0.009701503,0.009268049,113.33516
0.14141414,0.16161616,0.010356931,0.010028176,114.44371
0.15151516,0.16161616,0.011007477,0.010786172,115.42281
0.16161616,0.16161616,0.011656147,0.01154327,116.3519
0.17171717,0.16161616,0.012302639,0.012299401,117.09826
0.18181819,0.16161616,0.012948944,0.013054486,117.81687
0.1919192,0.16161616,0.013593032,0.0138085885,118.5528
0.2020202,0.16161616,0.014236391,0.0145618,119.23164
0.21212122,0.16161616,0.014878465,0.0153143825,119.70727
0.22222222,0.16161616,0.015529107,0.016067186,120.67724
0.23232323,0.16161616,0.01617039,0.016818346,121.43087
0.24242425,0.16161616,0.016812623,0.017569382,122.20274
0.25252524,0.16161616,0.017458051,0.018320281,122.907196
0.26262626,0.16161616,0.018101213,0.019070582,123.66679
0.27272728,0.16161616,0.018745592,0.019820748,124.720856
0.28282827,0.16161616,0.019385044,0.020570695,125.59202
0.2929293,0.16161616,0.020029716,0.021320859,126.42629
0.3030303,0.16161616,0.02067733,0.022071157,127.596596
0.3131313,0.16161616,0.02131934,0.022820668,128.30962
0.32323232,0.16161616,0.02196405,0.02357063,129.29868
0.33333334,0.16161616,0.022606893,0.024320053,130.4511
0.34343433,0.16161616,0.023250176,0.025069723,131.29971
0.35353535,0.16161616,0.023894865,0.02581906,132.28972
0.36363637,0.16161616,0.024541343,0.026568508,133.39706
0.37373737,0.16161616,0.025183767,0.027317528,134.1667
0.3838384,0.16161616,0.025826475,0.028066318,135.24815
0.3939394,0.16161616,0.026475502,0.028815802,136.46278
0.4040404,0.16161616,0.02712129,0.02956455,137.24397
0.41414142,0.16161616,0.027747268,0.030311365,137.20319
0.42424244,0.16161616,0.02840033,0.031060629,138.93582
0.43434343,0.16161616,0.029038243,0.031808283,139.36572
0.44444445,0.16161616,0.029684251,0.03255657,140.52577
0.45454547,0.16161616,0.030323276,0.033303984,141.39488
0.46464646,0.16161616,0.03096579,0.03405189,142.00546
0.47474748,0.16161616,0.03161221,0.034799807,143.1018
0.4848485,0.16161616,0.03224687,0.03554659,143.39648
0.4949495,0.16161616,0.032894507,0.03629436,144.72083
0.5050505,0.16161616,0.033532616,0.03704117,145.24162
0.5151515,0.16161616,0.034173016,0.037788074,145.9919
0.5252525,0.16161616,0.034810953,0.03853477,146.72652
0.53535354,0.16161616,0.03545436,0.03928181,147.81393
0.54545456,0.16161616,0.036090273,0.040028196,148.36975
0.5555556,0.16161616,0.036746096,0.04077651,149.55177
0.56565654,0.16161616,0.037380632,0.041522563,150.16272
0.57575756,0.16161616,0.038020276,0.0422691,150.85936
0.5858586,0.16161616,0.038645707,0.043014035,151.20506
0.5959596,0.16161616,0.039298452,0.04376163,152.79054
0.6060606,0.16161616,0.039947227,0.044508953,153.89993
0.61616164,0.16161616,0.040587116,0.045255348,154.44867
0.6262626,0.16161616,0.04122259,0.046001177,155.43997
0.6363636,0.16161616,0.041858256,0.046747144,156.2722
0.64646465,0.16161616,0.042504124,0.047494143,156.9286
0.65656567,0.16161616,0.043149102,0.048241034,158.0976
0.6666667,0.16161616,0.043796066,0.048988104,158.76889
0.67676765,0.16161616,0.04443484,0.04973414,159.69499
0.68686867,0.16161616,0.04507671,0.05048068,160.59093
0.6969697,0.16161616,0.04571742,0.051226854,161.53566
0.7070707,0.16161616,0.046360154,0.051973447,162.46065
0.7171717,0.16161616,0.047014188,0.05272117,164.02118
0.72727275,0.16161616,0.047665425,0.05346879,164.72153
0.7373737,0.16161616,0.048296425,0.054213908,165.81938
0.74747473,0.16161616,0.048935212,0.05495992,166.48993
0.75757575,0.16161616,0.04957058,0.05570587,166.78981
0.7676768,0.16161616,0.050220665,0.056453157,168.13948
0.7777778,0.16161616,0.050861876,0.05719944,168.7415
0.7878788,0.16161616,0.051500358,0.057945482,169.62476
0.7979798,0.16161616,0.052156076,0.058693692,171.18864
0.8080808,0.16161616,0.052794736,0.059439577,172.05663
0.8181818,0.16161616,0.053446095,0.06018715,173.69203
0.82828283,0.16161616,0.054060742,0.06093071,172.73836
0.83838385,0.16161616,0.0547231,0.06167921,174.89903
0.8484849,0.16161616,0.055351514,0.062424377,174.98807
0.85858583,0.16161616,0.05601201,0.063172966,176.58324
0.86868685,0.16161616,0.056658,0.063920006,177.85132
0.8787879,0.16161616,0.05726468,0.06466251,177.10701
0.8888889,0.16161616,0.057924382,0.06541099,178.4809
0.8989899,0.16161616,0.058557823,0.06615661,179.39061
0.90909094,0.16161616,0.059203222,0.066903606,180.24817
0.9191919,0.16161616,0.059850615,0.06765077,181.42163
0.9292929,0.16161616,0.06048932,0.06839706,182.5817
0.93939394,0.16161616,0.061121397,0.06914295,182.38947
0.94949496,0.16161616,0.061775967,0.069890775,183.82892
0.959596,0.16161616,0.06239772,0.070635125,184.07478
0.969697,0.16161616,0.063027106,0.071380496,184.46744
0.97979796,0.16161616,0.06368388,0.07212866,185.50604
0.989899,0.16161616,0.064313985,0.07287411,185.3481
1.0,0.16161616,0.06495453,0.07362079,186.70038
0.0,0.17171717,0.0,0.0,0.0
0.01010101,0.17171717,0.0010414665,4.8207374e-05,80.45357
0.02020202,0.17171717,0.001963024,0.0006928594,96.4828
0.030303031,0.17171717,0.0028515314,0.0014773975,99.08371
0.04040404,0.17171717,0.003688937,0.0022601117,105.00017
0.05050505,0.17171717,0.004538589,0.0031397669,102.53042
0.060606062,0.17171717,0.005363865,0.0039871866,104.409134
0.07070707,0.17171717,0.006176062,0.004805116,108.48422
0.08080808,0.17171717,0.006980516,0.005663064,107.95635
0.09090909,0.17171717,0.007763258,0.00650255,108.089066
0.1010101,0.17171717,0.008531936,0.007323564,109.28428
0.11111111,0.17171717,0.009288538,0.008136539,110.60918
0.121212125,0.17171717,0.010035108,0.0089432085,111.85818
0.13131313,0.17171717,0.01077498,0.0097457785,113.22983
0.14141414,0.17171717,0.011512164,0.0105463425,114.54169
0.15151516,0.17171717,0.012241155,0.011344989,115.53392
0.16161616,0.17171717,0.012967522,0.01214284,116.31027
0.17171717,0.17171717,0.013692445,0.012939456,117.03149
0.18181819,0.17171717,0.01441991,0.013735566,117.946045
0.1919192,0.17171717,0.015144142,0.014530273,118.694084
0.2020202,0.17171717,0.015867226,0.015324116,119.41474
0.21212122,0.17171717,0.016584478,0.016117152,119.92771
0.22222222,0.17171717,0.017314382,0.016910434,120.92646
0.23232323,0.17171717,0.018032147,0.017701669,121.48507
0.24242425,0.17171717,0.018760677,0.018494042,122.564476
0.25252524,0.17171717,0.019480312,0.019284902,123.22739
0.26262626,0.17171717,0.020205082,0.020075873,124.21645
0.27272728,0.17171717,0.020928336,0.020866921,125.19061
0.28282827,0.17171717,0.021648077,0.021657094,125.8783
0.2929293,0.17171717,0.022370895,0.02244721,126.94467
0.3030303,0.17171717,0.023095164,0.023237795,127.93746
0.3131313,0.17171717,0.023817686,0.024027796,129.07199
0.32323232,0.17171717,0.024540402,0.024818033,129.7837
0.33333334,0.17171717,0.025260292,0.025607476,130.85492
0.34343433,0.17171717,0.025989642,0.026397903,132.15001
0.35353535,0.17171717,0.026708987,0.02718709,133.01093
0.36363637,0.17171717,0.027432939,0.027976692,133.95901
0.37373737,0.17171717,0.02815218,0.028765833,134.7402
0.3838384,0.17171717,0.028872201,0.029554848,135.71083
0.3939394,0.17171717,0.029602664,0.030344378,137.05603
0.4040404,0.17171717,0.030324979,0.031133255,137.76701
0.41414142,0.17171717,0.031043539,0.031921558,138.76744
0.42424244,0.17171717,0.03176131,0.032709803,139.35565
0.43434343,0.17171717,0.03247583,0.033497393,140.17336
0.44444445,0.17171717,0.033209894,0.034287155,141.1017
0.45454547,0.17171717,0.033935107,0.035075378,142.19843
0.46464646,0.17171717,0.03464091,0.035861712,142.35266
0.47474748,0.17171717,0.035356436,0.03664903,143.00757
0.4848485,0.17171717,0.03609409,0.03743788,144.7551
0.4949495,0.17171717,0.036815267,0.03822562,145.75534
0.5050505,0.17171717,0.03752651,0.03901191,146.2251
0.5151515,0.17171717,0.03823363,0.03979772,146.71236
0.5252525,0.17171717,0.038956665,0.040585153,147.65858
0.53535354,0.17171717,0.039690923,0.04137364,149.02911
0.54545456,0.17171717,0.040401366,0.042159583,149.253
0.5555556,0.17171717,0.041119225,0.042946216,150.07668
0.56565654,0.17171717,0.041826557,0.043731544,150.72711
0.57575756,0.17171717,0.04255244,0.044519007,151.57648
0.5858586,0.17171717,0.043271273,0.045305766,152.49513
0.5959596,0.17171717,0.043995813,0.046092946,153.54231
0.6060606,0.17171717,0.044704475,0.04687824,154.11674
0.61616164,0.17171717,0.045430288,0.047665462,155.04025
0.6262626,0.17171717,0.04613763,0.04845074,155.50368
0.6363636,0.17171717,0.046864904,0.049238127,156.81944
0.64646465,0.17171717,0.047591303,0.050025478,157.92177
0.65656567,0.17171717,0.04831531,0.050812498,158.56549
0.6666667,0.17171717,0.049042303,0.05159966,159.86375
0.67676765,0.17171717,0.049748633,0.052384753,160.37114
0.68686867,0.17171717,0.050472077,0.053171482,161.7197
0.6969697,0.17171717,0.0511864,0.05395746,161.75247
0.7070707,0.17171717,0.05190829,0.054744117,163.10364
0.7171717,0.17171717,0.052634664,0.0555314,164.1892
0.72727275,0.17171717,0.053350214,0.056317307,164.93611
0.7373737,0.17171717,0.05409146,0.05710637,166.50743
0.74747473,0.17171717,0.05479144,0.05789027,166.6747
0.75757575,0.17171717,0.055504005,0.05867612,167.14745
0.7676768,0.17171717,0.056244753,0.05946472,168.75714
0.7777778,0.17171717,0.056958612,0.060250554,169.4873
0.7878788,0.17171717,0.05768226,0.061037544,170.492
0.7979798,0.17171717,0.058406524,0.061824467,171.32126
0.8080808,0.17171717,0.05914091,0.062612526,172.79684
0.8181818,0.17171717,0.05985026,0.06339805,173.60672
0.82828283,0.17171717,0.06057226,0.06418462,174.46875
0.83838385,0.17171717,0.061308842,0.0649732,175.54909
0.8484849,0.17171717,0.062009238,0.06575738,175.85754
0.85858583,0.17171717,0.06270304,0.06654162,176.06839
0.86868685,0.17171717,0.06343866,0.06732974,177.74626
0.8787879,0.17171717,0.06418518,0.068119265,179.2714
0.8888889,0.17171717,0.06489009,0.06890435,179.61636
0.8989899,0.17171717,0.0656077,0.06969072,180.57301
0.90909094,0.17171717,0.06630974,0.070475504,180.85092
0.9191919,0.17171717,0.067043535,0.07126362,182.21661
0.9292929,0.17171717,0.06776079,0.07205023,182.69048
0.93939394,0.17171717,0.06848876,0.07283778,184.51959
0.94949496,0.17171717,0.069203965,0.07362389,185.36598
0.959596,0.17171717,0.06991616,0.0744101,184.55089
0.969697,0.17171717,0.07062226,0.07519525,185.56267
0.97979796,0.17171717,0.07135187,0.07598319,186.62512
0.989899,0.17171717,0.07205941,0.07676841,186.74507
1.0,0.17171717,0.072775945,0.07755536,187.05725
0.0,0.18181819,0.0,0.0,0.0
0.01010101,0.18181819,0.0011288791,5.505366e-05,82.35482
0.02020202,0.18181819,0.0021341154,0.00074282865,97.58046
0.030303031,0.18181819,0.0031057948,0.0015640631,99.52984
0.04040404,0.18181819,0.004029799,0.0023834284,105.2904
0.05050505,0.18181819,0.004966546,0.003299235,102.52949
0.060606062,0.18181819,0.0058815214,0.004182614,104.48373
0.07070707,0.18181819,0.0067813494,0.005035605,108.62816
0.08080808,0.18181819,0.007673485,0.00593057,108.14071
0.09090909,0.18181819,0.0085468395,0.006807987,108.4412
0.1010101,0.18181819,0.009399724,0.0076684286,109.523026
0.11111111,0.18181819,0.010240755,0.008520862,110.65146
0.121212125,0.18181819,0.01107138,0.009367949,111.988
0.13131313,0.18181819,0.011897727,0.010210415,113.37195
0.14141414,0.18181819,0.012714268,0.011050344,114.545784
0.15151516,0.18181819,0.013529729,0.011889265,115.58141
0.16161616,0.18181819,0.014343458,0.012726817,116.60271
0.17171717,0.18181819,0.015150019,0.013563487,117.32494
0.18181819,0.18181819,0.015958598,0.014399352,117.9534
0.1919192,0.18181819,0.016764648,0.015234087,118.79262
0.2020202,0.18181819,0.01756657,0.016067043,119.30745
0.21212122,0.18181819,0.018382715,0.016901284,120.30807
0.22222222,0.18181819,0.019183967,0.01773297,120.95962
0.23232323,0.18181819,0.019993097,0.018564984,121.968796
0.24242425,0.18181819,0.0207951,0.019395798,122.66133
0.25252524,0.18181819,0.021601459,0.020226713,123.54888
0.26262626,0.18181819,0.022408094,0.021057226,124.675224
0.27272728,0.18181819,0.02321041,0.02188728,125.07085
0.28282827,0.18181819,0.024012724,0.022717014,126.28902
0.2929293,0.18181819,0.024823034,0.023547335,127.4908
0.3030303,0.18181819,0.02562823,0.024376897,128.33383
0.3131313,0.18181819,0.026434043,0.025206525,129.44005
0.32323232,0.18181819,0.027234193,0.026035339,130.3738
0.33333334,0.18181819,0.02804502,0.026865339,131.48915
0.34343433,0.18181819,0.028857242,0.02769494,132.73637
0.35353535,0.18181819,0.029662091,0.028524127,133.61554
0.36363637,0.18181819,0.030459391,0.029352222,134.38333
0.37373737,0.18181819,0.03126632,0.03018079,135.41803
0.3838384,0.18181819,0.032075334,0.031009689,136.43242
0.3939394,0.18181819,0.032878976,0.031837747,137.43713
0.4040404,0.18181819,0.033678222,0.032665357,138.0872
0.41414142,0.18181819,0.034476984,0.03349281,138.87025
0.42424244,0.18181819,0.03529195,0.034321662,140.23036
0.43434343,0.18181819,0.03609869,0.035149384,141.17137
0.44444445,0.18181819,0.036902554,0.03597696,142.03154
0.45454547,0.18181819,0.037699547,0.036803454,142.14143
0.46464646,0.18181819,0.038514446,0.037631713,143.74591
0.47474748,0.18181819,0.039301377,0.038456727,143.94373
0.4848485,0.18181819,0.040112462,0.039284363,145.12651
0.4949495,0.18181819,0.040908735,0.040110312,145.98557
0.5050505,0.18181819,0.041708376,0.040936753,146.59277
0.5151515,0.18181819,0.042520765,0.041763935,148.16858
0.5252525,0.18181819,0.04331535,0.0425896,148.36043
0.53535354,0.18181819,0.04410851,0.04341487,149.10548
0.54545456,0.18181819,0.044921525,0.044241942,150.20184
0.5555556,0.18181819,0.045719456,0.04506765,150.97559
0.56565654,0.18181819,0.04652853,0.045894362,152.03432
0.57575756,0.18181819,0.04732364,0.046719342,152.80992
0.5858586,0.18181819,0.048126396,0.04754522,153.77962
0.5959596,0.18181819,0.04892518,0.0483709,154.65468
0.6060606,0.18181819,0.049729228,0.049196836,155.30623
0.61616164,0.18181819,0.0505148,0.050021145,155.46233
0.6262626,0.18181819,0.05132107,0.050847262,157.07613
0.6363636,0.18181819,0.05212054,0.051673047,157.7951
0.64646465,0.18181819,0.052928753,0.052499406,158.74059
0.65656567,0.18181819,0.053727098,0.053324517,159.44057
0.6666667,0.18181819,0.054529533,0.054150306,160.19978
0.67676765,0.18181819,0.05533965,0.05497695,161.3602
0.68686867,0.18181819,0.05612857,0.055801284,161.83556
0.6969697,0.18181819,0.056937583,0.056627493,163.01237
0.7070707,0.18181819,0.05773799,0.057452988,164.105
0.7171717,0.18181819,0.058549106,0.05827962,165.19688
0.72727275,0.18181819,0.059348706,0.05910492,166.0116
0.7373737,0.18181819,0.060145486,0.059930023,166.42213
0.74747473,0.18181819,0.060951985,0.060756348,167.4112
0.75757575,0.18181819,0.06177363,0.06158399,169.041
0.7676768,0.18181819,0.06256534,0.062408425,170.18765
0.7777778,0.18181819,0.06336357,0.06323385,170.60265
0.7878788,0.18181819,0.064184986,0.06406151,171.95493
0.7979798,0.18181819,0.06497877,0.0648865,172.79535
0.8080808,0.18181819,0.06578242,0.06571229,173.57245
0.8181818,0.18181819,0.06659296,0.06653906,174.3041
0.82828283,0.18181819,0.06739104,0.06736414,175.1788
0.83838385,0.18181819,0.068189055,0.068189435,176.00879
0.8484849,0.18181819,0.06899743,0.0690162,177.08615
0.85858583,0.18181819,0.06979448,0.0698414,177.88187
0.86868685,0.18181819,0.0705827,0.07066573,178.00853
0.8787879,0.18181819,0.07139127,0.07149215,178.96146
0.8888889,0.18181819,0.07220929,0.07232012,180.9977
0.8989899,0.18181819,0.07298903,0.073143445,181.20035
0.90909094,0.18181819,0.073820636,0.07397258,183.15912
0.9191919,0.18181819,0.074596025,0.07479549,182.67482
0.9292929,0.18181819,0.075418755,0.075624056,184.62465
0.93939394,0.18181819,0.07620864,0.07644876,184.77962
0.94949496,0.18181819,0.0770032,0.077274084,185.44122
0.959596,0.18181819,0.07779595,0.07809899,186.23769
0.969697,0.18181819,0.0785886,0.07892416,186.36212
0.97979796,0.18181819,0.07939098,0.07975036,187.46407
0.989899,0.18181819,0.08019032,0.08057634,188.12567
1.0,0.18181819,0.08100408,0.081403755,188.96982
0.0,0.1919192,0.0,0.0,0.0
0.01010101,0.1919192,0.0012193434,6.1777835e-05,84.274155
0.02020202,0.1919192,0.0023106176,0.0007936437,98.368805
0.030303031,0.1919192,0.0033684152,0.0016495151,99.89183
0.04040404,0.1919192,0.0043832078,0.0025027941,105.63703
0.05050505,0.1919192,0.0054116338,0.0034515916,102.852684
0.060606062,0.1919192,0.006420335,0.0043733907,104.531456
0.07070707,0.1919192,0.0074126762,0.0052602524,108.875755
0.08080808,0.1919192,0.008395051,0.006192302,108.22136
0.09090909,0.1919192,0.009356943,0.0071066297,108.39696
0.1010101,0.1919192,0.010302188,0.008003793,109.63967
0.11111111,0.1919192,0.011234661,0.008895189,110.87237
0.121212125,0.1919192,0.012154583,0.009780114,112.26079
0.13131313,0.1919192,0.01306567,0.010662576,113.279465
0.14141414,0.1919192,0.013971418,0.011541665,114.43291
0.15151516,0.1919192,0.014872771,0.012418478,115.652664
0.16161616,0.1919192,0.015774423,0.013295692,116.70338
0.17171717,0.1919192,0.016669836,0.014171333,117.39647
0.18181819,0.1919192,0.017563645,0.015045678,118.190796
0.1919192,0.1919192,0.018459572,0.015919795,118.81367
0.2020202,0.1919192,0.019352768,0.016792094,119.6459
0.21212122,0.1919192,0.020246888,0.017664094,120.40138
0.22222222,0.1919192,0.021137608,0.018535137,121.14812
0.23232323,0.1919192,0.022028215,0.019405598,121.9036
0.24242425,0.1919192,0.022924477,0.020275708,123.006294
0.25252524,0.1919192,0.02381181,0.021144778,123.4971
0.26262626,0.1919192,0.024702812,0.022013642,124.59792
0.27272728,0.1919192,0.025599891,0.022883136,125.64622
0.28282827,0.1919192,0.026496861,0.023751998,126.875565
0.2929293,0.1919192,0.027384201,0.024619913,127.530846
0.3030303,0.1919192,0.028275758,0.025488168,128.59702
0.3131313,0.1919192,0.029170703,0.026356617,129.95992
0.32323232,0.1919192,0.030066371,0.02722507,131.01604
0.33333334,0.1919192,0.030954933,0.02809215,132.0323
0.34343433,0.1919192,0.031845663,0.02895976,133.105
0.35353535,0.1919192,0.03274266,0.02982758,134.25853
0.36363637,0.1919192,0.03362482,0.030693874,134.7486
0.37373737,0.1919192,0.034525163,0.03156191,135.9921
0.3838384,0.1919192,0.03540521,0.03242754,136.76062
0.3939394,0.1919192,0.036308564,0.033295438,138.05814
0.4040404,0.1919192,0.037194993,0.03416146,138.99953
0.41414142,0.1919192,0.038082562,0.03502759,139.50356
0.42424244,0.1919192,0.038981903,0.035894427,140.71614
0.43434343,0.1919192,0.03986617,0.036759913,141.31963
0.44444445,0.1919192,0.040759843,0.03762614,142.32806
0.45454547,0.1919192,0.041648064,0.038491394,143.11485
0.46464646,0.1919192,0.042538527,0.039356958,144.14787
0.47474748,0.1919192,0.043426562,0.04022196,145.09708
0.4848485,0.1919192,0.044309363,0.04108656,145.6432
0.4949495,0.1919192,0.045199506,0.04195146,146.86026
0.5050505,0.1919192,0.046079807,0.04281534,147.13742
0.5151515,0.1919192,0.046978824,0.04368115,148.48932
0.5252525,0.1919192,0.047863644,0.04454543,149.04663
0.53535354,0.1919192,0.0487503,0.045409802,149.64566
0.54545456,0.1919192,0.04963112,0.046273254,150.56021
0.5555556,0.1919192,0.050528634,0.047138672,151.36897
0.56565654,0.1919192,0.05142247,0.04800316,153.04573
0.57575756,0.1919192,0.052296028,0.048866227,153.28043
0.5858586,0.1919192,0.053182133,0.049729925,154.42223
0.5959596,0.1919192,0.054058608,0.050592955,155.0369
0.6060606,0.1919192,0.05496137,0.051458642,155.94772
0.61616164,0.1919192,0.055850215,0.052322734,156.92114
0.6262626,0.1919192,0.05673418,0.053186566,157.54514
0.6363636,0.1919192,0.057639677,0.054052293,159.22896
0.64646465,0.1919192,0.05853557,0.054917105,160.2482
0.65656567,0.1919192,0.059411366,0.0557799,160.73436
0.6666667,0.1919192,0.06028586,0.05664243,161.49878
0.67676765,0.1919192,0.061185822,0.05750773,162.84511
0.68686867,0.1919192,0.06208704,0.058373213,163.8949
0.6969697,0.1919192,0.06296806,0.059236348,164.49802
0.7070707,0.1919192,0.06385528,0.060100034,165.1261
0.7171717,0.1919192,0.0647401,0.060963772,165.40437
0.72727275,0.1919192,0.06564344,0.061829176,167.04463
0.7373737,0.1919192,0.066527925,0.06269292,167.93088
0.74747473,0.1919192,0.06742456,0.06355754,169.38448
0.75757575,0.1919192,0.06829474,0.06441973,169.70412
0.7676768,0.1919192,0.0691906,0.06528463,170.8217
0.7777778,0.1919192,0.07009615,0.066150434,172.3662
0.7878788,0.1919192,0.07098494,0.06701442,173.43611
0.7979798,0.1919192,0.071868055,0.06787829,174.1171
0.8080808,0.1919192,0.07275409,0.0687421,174.53134
0.8181818,0.1919192,0.07363732,0.06960533,175.23691
0.82828283,0.1919192,0.074514166,0.07046826,175.7346
0.83838385,0.1919192,0.07540244,0.071332656,176.66594
0.8484849,0.1919192,0.07630189,0.07219789,177.53616
0.85858583,0.1919192,0.07719845,0.073062904,179.42488
0.86868685,0.1919192,0.07808915,0.07392715,180.09618
0.8787879,0.1919192,0.07896234,0.0747897,180.6356
0.8888889,0.1919192,0.07988384,0.075657874,182.69122
0.8989899,0.1919192,0.080747746,0.076519504,182.93262
0.90909094,0.1919192,0.08162807,0.077383004,183.36102
0.9191919,0.1919192,0.0825287,0.078248575,184.3296
0.9292929,0.1919192,0.08339586,0.079110906,185.09924
0.93939394,0.1919192,0.08427593,0.07997438,185.6409
0.94949496,0.1919192,0.08517309,0.080840066,186.6281
0.959596,0.1919192,0.08603533,0.081701696,186.48132
0.969697,0.1919192,0.08695402,0.08256978,188.34099
0.97979796,0.1919192,0.08782971,0.08343249,188.89383
0.989899,0.1919192,0.08872809,0.084298655,189.77075
1.0,0.1919192,0.089605026,0.08516227,190.60448
0.0,0.2020202,0.0,0.0,0.0
0.01010101,0.2020202,0.0013115993,7.200324e-05,85.64979
0.02020202,0.2020202,0.0024931403,0.0008431414,99.088295
0.030303031,0.2020202,0.0036400282,0.0017366703,99.956825
0.04040404,0.2020202,0.004748999,0.0026217266,105.80367
0.05050505,0.2020202,0.005872952,0.0036007417,103.1171
0.060606062,0.2020202,0.0069769863,0.0045583183,104.58827
0.07070707,0.2020202,0.008064519,0.005479126,108.97024
0.08080808,0.2020202,0.009142507,0.006445406,108.40986
0.09090909,0.2020202,0.010199547,0.0073936637,108.69605
0.1010101,0.2020202,0.011238428,0.008327947,109.95055
0.11111111,0.2020202,0.012263678,0.0092575345,111.036285
0.121212125,0.2020202,0.0132764205,0.01018177,112.17864
0.13131313,0.2020202,0.014283394,0.011101695,113.51854
0.14141414,0.2020202,0.015283087,0.012018798,114.776566
0.15151516,0.2020202,0.016273549,0.012934166,115.81899
0.16161616,0.2020202,0.017265426,0.0138490535,116.79046
0.17171717,0.2020202,0.018249879,0.014762337,117.44918
0.18181819,0.2020202,0.019235963,0.015674904,118.3277
0.1919192,0.2020202,0.02022006,0.016586684,119.00514
0.2020202,0.2020202,0.021203298,0.017497336,119.78541
0.21212122,0.2020202,0.02219089,0.018407118,120.648926
0.22222222,0.2020202,0.023169504,0.01931602,121.2921
0.23232323,0.2020202,0.024155272,0.020224433,122.248566
0.24242425,0.2020202,0.025138536,0.021132154,122.91129
0.25252524,0.2020202,0.026116414,0.022038799,123.9853
0.26262626,0.2020202,0.027104763,0.022946412,124.822
0.27272728,0.2020202,0.028088665,0.023853172,126.04352
0.28282827,0.2020202,0.029073784,0.02475959,127.29708
0.2929293,0.2020202,0.030050764,0.025665117,128.1064
0.3030303,0.2020202,0.031034473,0.026570965,129.19456
0.3131313,0.2020202,0.032015968,0.027476761,130.35945
0.32323232,0.2020202,0.032997426,0.028382108,131.1455
0.33333334,0.2020202,0.0339792,0.029287448,132.31523
0.34343433,0.2020202,0.034972742,0.030193662,133.74445
0.35353535,0.2020202,0.03595812,0.031099016,134.79982
0.36363637,0.2020202,0.036929786,0.0320028,135.50148
0.37373737,0.2020202,0.037912197,0.032907177,136.52892
0.3838384,0.2020202,0.03889574,0.03381185,137.51387
0.3939394,0.2020202,0.03987551,0.034716085,138.6054
0.4040404,0.2020202,0.040867876,0.03562101,139.57434
0.41414142,0.2020202,0.041851554,0.036525153,140.61555
0.42424244,0.2020202,0.042824276,0.037428096,141.29988
0.43434343,0.2020202,0.043808192,0.038331818,142.09784
0.44444445,0.2020202,0.04479596,0.039235506,143.17856
0.45454547,0.2020202,0.04576348,0.04013749,143.80962
0.46464646,0.2020202,0.046748202,0.04104072,144.74355
0.47474748,0.2020202,0.047721367,0.041942418,145.69797
0.4848485,0.2020202,0.048703417,0.042845607,146.32307
0.4949495,0.2020202,0.04967225,0.043746836,146.6442
0.5050505,0.2020202,0.05064867,0.044648968,147.6597
0.5151515,0.2020202,0.05161904,0.04555029,148.2252
0.5252525,0.2020202,0.05261451,0.046453997,149.44487
0.53535354,0.2020202,0.053589337,0.04735538,150.34825
0.54545456,0.2020202,0.05456162,0.048256505,151.31346
0.5555556,0.2020202,0.0555462,0.04915891,152.36177
0.56565654,0.2020202,0.05652871,0.050060757,153.58514
0.57575756,0.2020202,0.0574908,0.050960936,154.03331
0.5858586,0.2020202,0.058473386,0.0518629,154.73999
0.5959596,0.2020202,0.059459914,0.05276541,155.91458
0.6060606,0.2020202,0.060432892,0.05366619,157.11412
0.61616164,0.2020202,0.061414786,0.054568015,158.02122
0.6262626,0.2020202,0.062391203,0.055469688,158.69662
0.6363636,0.2020202,0.06336585,0.05637054,159.64545
0.64646465,0.2020202,0.06435847,0.057273485,160.91057
0.65656567,0.2020202,0.06531732,0.05817285,161.57329
0.6666667,0.2020202,0.06630237,0.05907496,162.55415
0.67676765,0.2020202,0.067292996,0.059977785,163.63301
0.68686867,0.2020202,0.06826361,0.060878225,164.57513
0.6969697,0.2020202,0.0692495,0.06178044,165.781
0.7070707,0.2020202,0.07023225,0.06268218,166.60468
0.7171717,0.2020202,0.071198225,0.063582465,167.00551
0.72727275,0.2020202,0.07218986,0.06448501,168.53511
0.7373737,0.2020202,0.07316368,0.06538584,168.96054
0.74747473,0.2020202,0.07414435,0.066287234,170.34561
0.75757575,0.2020202,0.07514205,0.067190915,171.5213
0.7676768,0.2020202,0.07611786,0.06809225,172.85422
0.7777778,0.2020202,0.07709823,0.06899392,173.27518
0.7878788,0.2020202,0.078061014,0.06989353,173.65962
0.7979798,0.2020202,0.07903692,0.07079469,174.5738
0.8080808,0.2020202,0.08003468,0.071698174,176.24348
0.8181818,0.2020202,0.08102066,0.072600454,177.16289
0.82828283,0.2020202,0.08198197,0.07350043,176.89467
0.83838385,0.2020202,0.08296953,0.07440289,178.92421
0.8484849,0.2020202,0.083946064,0.07530449,179.34218
0.85858583,0.2020202,0.08490141,0.07620339,180.15355
0.86868685,0.2020202,0.085888326,0.077106126,180.90755
0.8787879,0.2020202,0.08687081,0.07800838,182.11603
0.8888889,0.2020202,0.08783551,0.07890857,183.6963
0.8989899,0.2020202,0.08882015,0.07981098,183.94142
0.90909094,0.2020202,0.08980922,0.08071417,185.34064
0.9191919,0.2020202,0.09080998,0.08161847,186.53423
0.9292929,0.2020202,0.091780014,0.082519285,187.79933
0.93939394,0.2020202,0.092739694,0.08341922,187.92227
0.94949496,0.2020202,0.09371298,0.08432076,188.42072
0.959596,0.2020202,0.09469843,0.085223734,189.80652
0.969697,0.2020202,0.095662534,0.08612425,190.67377
0.97979796,0.2020202,0.09662321,0.08702487,190.69388
0.989899,0.2020202,0.0975976,0.08792669,190.64919
1.0,0.2020202,0.09856317,0.08882751,191.51866
0.0,0.21212122,0.0,0.0,0.0
0.01010101,0.21212122,0.0014065176,8.19611e-05,87.07576
0.02020202,0.21212122,0.0026805871,0.00089189195,99.70134
0.030303031,0.21212122,0.0039208154,0.0018208732,100.145584
0.04040404,0.21212122,0.0051269243,0.0027350106,106.12265
0.05050505,0.21212122,0.006348158,0.0037462707,103.27445
0.060606062,0.21212122,0.0075514326,0.0047394102,104.44228
0.07070707,0.21212122,0.008737934,0.0056928988,108.91235
0.08080808,0.21212122,0.009917537,0.0066933553,108.387085
0.09090909,0.21212122,0.011070218,0.007674416,108.85787
0.1010101,0.21212122,0.012208888,0.0086442195,110.117065
0.11111111,0.21212122,0.013327537,0.009609484,111.11638
0.121212125,0.21212122,0.014433691,0.010570034,112.22726
0.13131313,0.21212122,0.015541963,0.011528398,113.57181
0.14141414,0.21212122,0.016630528,0.012481849,114.58639
0.15151516,0.21212122,0.017723601,0.013434283,115.90421
0.16161616,0.21212122,0.018805498,0.014385739,116.72657
0.17171717,0.21212122,0.019891012,0.0153361065,117.81035
0.18181819,0.21212122,0.020972868,0.016285619,118.597595
0.1919192,0.21212122,0.02205367,0.017234934,119.325516
0.2020202,0.21212122,0.02313109,0.01818284,119.9495
0.21212122,0.21212122,0.02420829,0.019129636,120.79049
0.22222222,0.21212122,0.025290925,0.020076176,121.7002
0.23232323,0.21212122,0.026364021,0.02102086,122.34654
0.24242425,0.21212122,0.027440935,0.02196541,123.33318
0.25252524,0.21212122,0.02851929,0.022909831,124.20658
0.26262626,0.21212122,0.029596351,0.023853634,125.22302
0.27272728,0.21212122,0.030685412,0.024798017,126.86644
0.28282827,0.21212122,0.031753644,0.025740415,127.48223
0.2929293,0.21212122,0.03283554,0.026683593,128.73598
0.3030303,0.21212122,0.03389909,0.027624743,129.67159
0.3131313,0.21212122,0.034979053,0.028567554,130.88174
0.32323232,0.21212122,0.036063336,0.029510586,132.21428
0.33333334,0.21212122,0.037139703,0.030452827,133.04483
0.34343433,0.21212122,0.03821542,0.031394295,134.24344
0.35353535,0.21212122,0.03929124,0.032336246,135.24443
0.36363637,0.21212122,0.040370967,0.033277713,136.37654
0.37373737,0.21212122,0.041445836,0.034218963,137.30414
0.3838384,0.21212122,0.042519227,0.035159416,138.18144
0.3939394,0.21212122,0.04359598,0.036100797,139.13586
0.4040404,0.21212122,0.04467287,0.03704121,140.07837
0.41414142,0.21212122,0.045747653,0.03798178,141.02571
0.42424244,0.21212122,0.046827827,0.03892237,141.98236
0.43434343,0.21212122,0.047904678,0.039862275,143.00607
0.44444445,0.21212122,0.04896837,0.040801093,143.43672
0.45454547,0.21212122,0.050049406,0.041741308,144.42764
0.46464646,0.21212122,0.051114637,0.042679746,145.2323
0.47474748,0.21212122,0.05219166,0.043619543,146.27167
0.4848485,0.21212122,0.05326505,0.044558663,146.95116
0.4949495,0.21212122,0.054326728,0.045496255,147.30655
0.5050505,0.21212122,0.05540298,0.046435155,148.37422
0.5151515,0.21212122,0.056472626,0.04737347,149.37631
0.5252525,0.21212122,0.05754699,0.04831241,150.36278
0.53535354,0.21212122,0.05861553,0.049250353,151.15216
0.54545456,0.21212122,0.0596974,0.05018959,152.23361
0.5555556,0.21212122,0.060755413,0.05112633,152.50221
0.56565654,0.21212122,0.061844118,0.052066088,154.39204
0.57575756,0.21212122,0.062893644,0.05300185,154.57384
0.5858586,0.21212122,0.06396608,0.053940073,155.44705
0.5959596,0.21212122,0.06503991,0.054877996,156.79114
0.6060606,0.21212122,0.06612319,0.05581747,157.6107
0.61616164,0.21212122,0.06718886,0.05675498,158.44852
0.6262626,0.21212122,0.06825769,0.057692546,159.72256
0.6363636,0.21212122,0.06933896,0.058631215,160.4978
0.64646465,0.21212122,0.07040432,0.05956855,161.60756
0.65656567,0.21212122,0.071481414,0.060506895,162.7598
0.6666667,0.21212122,0.07254929,0.061444048,163.61513
0.67676765,0.21212122,0.07362892,0.06238287,164.46858
0.68686867,0.21212122,0.07471214,0.06332197,165.98627
0.6969697,0.21212122,0.07577412,0.06425869,166.77678
0.7070707,0.21212122,0.076855145,0.06519762,167.64253
0.7171717,0.21212122,0.077920586,0.06613457,168.17003
0.72727275,0.21212122,0.079010874,0.067074284,169.85461
0.7373737,0.21212122,0.08006628,0.06801025,170.06546
0.74747473,0.21212122,0.081150375,0.06894951,171.64871
0.75757575,0.21212122,0.082224116,0.06988755,172.72606
0.7676768,0.21212122,0.08330177,0.0708264,173.14777
0.7777778,0.21212122,0.08436588,0.071763225,173.90474
0.7878788,0.21212122,0.085456446,0.0727031,175.46266
0.7979798,0.21212122,0.086516485,0.07363982,175.49098
0.8080808,0.21212122,0.087606035,0.07457934,177.64345
0.8181818,0.21212122,0.08865564,0.07551511,177.54659
0.82828283,0.21212122,0.08973401,0.07645406,178.71335
0.83838385,0.21212122,0.090813816,0.07739306,180.1908
0.8484849,0.21212122,0.091897696,0.078332186,181.01633
0.85858583,0.21212122,0.09294029,0.07926728,181.03122
0.86868685,0.21212122,0.09404442,0.0802087,182.90729
0.8787879,0.21212122,0.09512409,0.08114767,184.26404
0.8888889,0.21212122,0.09617301,0.08208368,184.95917
0.8989899,0.21212122,0.09726105,0.08302352,185.59099
0.90909094,0.21212122,0.09832708,0.08396154,186.74434
0.9191919,0.21212122,0.099387676,0.08489855,187.66225
0.9292929,0.21212122,0.10046554,0.085837916,188.65616
0.93939394,0.21212122,0.101540685,0.08677659,189.74767
0.94949496,0.21212122,0.10260289,0.08771422,190.37723
0.959596,0.21212122,0.10365792,0.088651404,191.0761
0.969697,0.21212122,0.1047238,0.08958948,191.6729
0.97979796,0.21212122,0.10578379,0.09052707,192.41943
0.989899,0.21212122,0.106852226,0.091465436,192.81209
1.0,0.21212122,0.107925154,0.0924046,193.44986
0.0,0.22222222,0.0,0.0,0.0
0.01010101,0.22222222,0.0015042967,9.1456284e-05,88.598274
0.02020202,0.22222222,0.0028745793,0.00093999936,100.26958
0.030303031,0.22222222,0.0042105694,0.0019030876,100.35129
0.04040404,0.22222222,0.005516344,0.002849038,106.14989
0.05050505,0.22222222,0.006836881,0.003887068,103.45779
0.060606062,0.22222222,0.008146003,0.004914774,104.45486
0.07070707,0.22222222,0.009434415,0.0058992077,109.00344
0.08080808,0.22222222,0.01071415,0.0069332025,108.331955
0.09090909,0.22222222,0.011971522,0.007948023,108.87682
0.1010101,0.22222222,0.013204598,0.008948721,110.22305
0.11111111,0.22222222,0.014425322,0.009950823,111.17793
0.121212125,0.22222222,0.015636161,0.010947598,112.32579
0.13131313,0.22222222,0.016842527,0.011941174,113.60524
0.14141414,0.22222222,0.018034114,0.01293106,114.8128
0.15151516,0.22222222,0.01922414,0.013919975,116.03795
0.16161616,0.22222222,0.02040658,0.014906776,116.95521
0.17171717,0.22222222,0.021589689,0.015893562,117.91605
0.18181819,0.22222222,0.022765303,0.016879106,118.46572
0.1919192,0.22222222,0.023941346,0.017864116,119.26722
0.2020202,0.22222222,0.025122996,0.018847724,120.21363
0.21212122,0.22222222,0.026300209,0.019830983,121.03971
0.22222222,0.22222222,0.027473923,0.020813333,121.76167
0.23232323,0.22222222,0.028645732,0.021794023,122.69635
0.24242425,0.22222222,0.02982562,0.02277532,123.53808
0.25252524,0.22222222,0.031001683,0.023755476,124.826096
0.26262626,0.22222222,0.03217849,0.024735453,125.68664
0.27272728,0.22222222,0.03335616,0.025714532,126.838684
0.28282827,0.22222222,0.034529794,0.026693648,127.9138
0.2929293,0.22222222,0.0357025,0.027672,128.8589
0.3030303,0.22222222,0.036879785,0.028650653,130.0646
0.3131313,0.22222222,0.038055412,0.029628905,131.3882
0.32323232,0.22222222,0.039228357,0.030606747,132.37894
0.33333334,0.22222222,0.04039932,0.031584203,133.216
0.34343433,0.22222222,0.041577682,0.032562084,134.54967
0.35353535,0.22222222,0.042764243,0.03354041,135.94441
0.36363637,0.22222222,0.043944072,0.034518085,137.30042
0.37373737,0.22222222,0.045109015,0.035494186,137.89273
0.3838384,0.22222222,0.04627284,0.036470186,138.62923
0.3939394,0.22222222,0.047458824,0.03744765,139.73042
0.4040404,0.22222222,0.04863179,0.03842392,140.57382
0.41414142,0.22222222,0.049799595,0.039399352,141.49397
0.42424244,0.22222222,0.050976228,0.040375803,142.49496
0.43434343,0.22222222,0.052140478,0.041350305,143.24152
0.44444445,0.22222222,0.053319786,0.042326376,144.06181
0.45454547,0.22222222,0.054485917,0.04330111,144.64668
0.46464646,0.22222222,0.05565191,0.044275556,145.78812
0.47474748,0.22222222,0.056823265,0.045250103,146.5723
0.4848485,0.22222222,0.057993248,0.0462246,147.69807
0.4949495,0.22222222,0.05916507,0.047199376,148.42563
0.5050505,0.22222222,0.06032932,0.04817304,149.17477
0.5151515,0.22222222,0.061499313,0.049147177,149.77455
0.5252525,0.22222222,0.06266982,0.05012126,150.85936
0.53535354,0.22222222,0.06382704,0.051094007,151.48372
0.54545456,0.22222222,0.06499787,0.052067846,152.75255
0.5555556,0.22222222,0.06618451,0.05304301,153.89696
0.56565654,0.22222222,0.06734332,0.054015864,155.07452
0.57575756,0.22222222,0.06852858,0.054991227,155.9671
0.5858586,0.22222222,0.06968964,0.055963892,156.98076
0.5959596,0.22222222,0.07084195,0.05693593,157.31342
0.6060606,0.22222222,0.072004005,0.05790857,158.31627
0.61616164,0.22222222,0.07318391,0.058883734,158.91008
0.6262626,0.22222222,0.07437076,0.059858747,160.5779
0.6363636,0.22222222,0.07552562,0.060830668,161.25775
0.64646465,0.22222222,0.07669864,0.06180458,162.45581
0.65656567,0.22222222,0.077864036,0.0627775,163.18187
0.6666667,0.22222222,0.079036534,0.06375102,164.41495
0.67676765,0.22222222,0.08020667,0.06472436,165.44536
0.68686867,0.22222222,0.08137764,0.06569791,166.95708
0.6969697,0.22222222,0.082568854,0.06667355,167.64104
0.7070707,0.22222222,0.083732896,0.06764636,169.21387
0.7171717,0.22222222,0.08491138,0.06862061,170.19362
0.72727275,0.22222222,0.086053275,0.06959113,170.03119
0.7373737,0.22222222,0.08724599,0.07056711,171.50119
0.74747473,0.22222222,0.088422716,0.071540885,172.83112
0.75757575,0.22222222,0.08959404,0.07251473,173.80937
0.7676768,0.22222222,0.090760306,0.07348783,174.3786
0.7777778,0.22222222,0.091954604,0.074463926,176.1973
0.7878788,0.22222222,0.093092754,0.07543439,175.89107
0.7979798,0.22222222,0.094287165,0.076410145,177.60693
0.8080808,0.22222222,0.095439315,0.07738189,178.04503
0.8181818,0.22222222,0.09661827,0.07835626,179.26395
0.82828283,0.22222222,0.097794235,0.07933086,179.91885
0.83838385,0.22222222,0.09895851,0.08030386,180.47765
0.8484849,0.22222222,0.10012761,0.08127764,181.71295
0.85858583,0.22222222,0.10128413,0.082249746,182.75455
0.86868685,0.22222222,0.10246462,0.0832249,183.54356
0.8787879,0.22222222,0.103651434,0.08420045,185.11488
0.8888889,0.22222222,0.104788624,0.08517077,185.2572
0.8989899,0.22222222,0.105983496,0.08614772,186.8397
0.90909094,0.22222222,0.107150435,0.08712133,187.47299
0.9191919,0.22222222,0.10829491,0.088092566,188.7463
0.9292929,0.22222222,0.10947332,0.08906815,189.57555
0.93939394,0.22222222,0.11066025,0.09004395,190.29752
0.94949496,0.22222222,0.11181847,0.09101691,191.88449
0.959596,0.22222222,0.11297632,0.091989994,192.91937
0.969697,0.22222222,0.11415587,0.09296548,193.43272
0.97979796,0.22222222,0.115321,0.09393974,194.33797
0.989899,0.22222222,0.11648088,0.094913386,195.37509
1.0,0.22222222,0.11763861,0.09588662,194.52498
0.0,0.23232323,0.0,0.0,0.0
0.01010101,0.23232323,0.0016033071,0.00010679176,89.34405
0.02020202,0.23232323,0.0030730437,0.0009887039,100.659676
0.030303031,0.23232323,0.0045081186,0.001982448,100.56524
0.04040404,0.23232323,0.0059164483,0.0029574782,106.355316
0.05050505,0.23232323,0.0073428857,0.004025113,103.666916
0.060606062,0.23232323,0.008756817,0.0050843777,104.43898
0.07070707,0.23232323,0.010152378,0.006100938,108.919945
0.08080808,0.23232323,0.01153432,0.0071650813,108.266945
0.09090909,0.23232323,0.012897291,0.00821045,109.09839
0.1010101,0.23232323,0.014236677,0.0092452075,110.40345
0.11111111,0.23232323,0.015557178,0.01028111,111.21668
0.121212125,0.23232323,0.016878862,0.011313242,112.449005
0.13131313,0.23232323,0.018178606,0.012341056,113.622375
0.14141414,0.23232323,0.019477995,0.013365663,114.80851
0.15151516,0.23232323,0.020765802,0.01438855,115.99073
0.16161616,0.23232323,0.022057047,0.015411508,117.07237
0.17171717,0.23232323,0.023340758,0.016433075,117.89296
0.18181819,0.23232323,0.02461729,0.017453989,118.63485
0.1919192,0.23232323,0.025900934,0.01847429,119.434296
0.2020202,0.23232323,0.027180694,0.019493531,120.24213
0.21212122,0.23232323,0.028455697,0.02051173,120.81955
0.22222222,0.23232323,0.029734256,0.021528672,121.80582
0.23232323,0.23232323,0.031015184,0.022545572,122.85672
0.24242425,0.23232323,0.03229532,0.023561599,123.744644
0.25252524,0.23232323,0.03357035,0.024576643,124.68696
0.26262626,0.23232323,0.03484575,0.025590928,125.9584
0.27272728,0.23232323,0.036126204,0.026605614,126.991234
0.28282827,0.23232323,0.037405778,0.027619526,128.3085
0.2929293,0.23232323,0.038678672,0.028632602,129.3758
0.3030303,0.23232323,0.03995569,0.029645998,130.67369
0.3131313,0.23232323,0.04122685,0.030658692,131.3623
0.32323232,0.23232323,0.042514637,0.031672325,133.1173
0.33333334,0.23232323,0.04378667,0.032684553,133.91151
0.34343433,0.23232323,0.045069117,0.033697236,135.50482
0.35353535,0.23232323,0.046343047,0.03470927,136.41267
0.36363637,0.23232323,0.047617894,0.035721004,137.64687
0.37373737,0.23232323,0.04889391,0.036732793,138.43886
0.3838384,0.23232323,0.050175283,0.037744656,139.65405
0.3939394,0.23232323,0.051454637,0.038756292,140.57196
0.4040404,0.23232323,0.052716922,0.03976593,141.13374
0.41414142,0.23232323,0.05398647,0.04077635,141.89854
0.42424244,0.23232323,0.0552663,0.041787524,142.7658
0.43434343,0.23232323,0.056540255,0.042797573,143.52463
0.44444445,0.23232323,0.057816766,0.043807853,145.00208
0.45454547,0.23232323,0.05908304,0.044817004,145.467
0.46464646,0.23232323,0.060359962,0.045827202,146.58794
0.47474748,0.23232323,0.061635263,0.04683664,147.18697
0.4848485,0.23232323,0.062896006,0.047845043,148.03596
0.4949495,0.23232323,0.0641783,0.048854917,149.13976
0.5050505,0.23232323,0.06544682,0.04986358,149.93585
0.5151515,0.23232323,0.06671779,0.050872482,150.65782
0.5252525,0.23232323,0.0679757,0.051879562,151.4189
0.53535354,0.23232323,0.06924076,0.052888054,151.90654
0.54545456,0.23232323,0.07051861,0.05389705,153.32028
0.5555556,0.23232323,0.07176809,0.054903448,153.97147
0.56565654,0.23232323,0.073054075,0.055913124,155.14828
0.57575756,0.23232323,0.07433072,0.0569218,156.56836
0.5858586,0.23232323,0.07559382,0.057929654,157.3451
0.5959596,0.23232323,0.07684997,0.05893616,157.94785
0.6060606,0.23232323,0.07813504,0.059945967,159.29565
0.61616164,0.23232323,0.079402395,0.060953874,160.0299
0.6262626,0.23232323,0.08065978,0.06196057,161.26782
0.6363636,0.23232323,0.08194662,0.06297002,162.37572
0.64646465,0.23232323,0.0831991,0.06397655,163.37558
0.65656567,0.23232323,0.084491365,0.06498678,164.67198
0.6666667,0.23232323,0.08576689,0.06599479,165.61746
0.67676765,0.23232323,0.0870308,0.06700225,166.59871
0.68686867,0.23232323,0.0883049,0.06801041,167.40337
0.6969697,0.23232323,0.089582734,0.06901925,169.10732
0.7070707,0.23232323,0.090851516,0.07002689,169.7816
0.7171717,0.23232323,0.092112854,0.07103417,170.64511
0.72727275,0.23232323,0.09339026,0.072042726,171.49225
0.7373737,0.23232323,0.09466941,0.073051386,172.58078
0.74747473,0.23232323,0.09593306,0.07405905,173.90251
0.75757575,0.23232323,0.09720108,0.07506679,173.93306
0.7676768,0.23232323,0.098485276,0.07607596,175.52301
0.7777778,0.23232323,0.099775076,0.07708608,176.5877
0.7878788,0.23232323,0.10104159,0.078093626,177.75446
0.7979798,0.23232323,0.102288514,0.07909947,178.06516
0.8080808,0.23232323,0.103595324,0.08011095,179.83765
0.8181818,0.23232323,0.10484438,0.08111733,179.74078
0.82828283,0.23232323,0.10610899,0.08212503,181.22195
0.83838385,0.23232323,0.1073857,0.08313346,182.122
0.8484849,0.23232323,0.10864471,0.084140345,183.01755
0.85858583,0.23232323,0.10994854,0.08515254,184.19102
0.86868685,0.23232323,0.1112222,0.08616151,184.9398
0.8787879,0.23232323,0.11247292,0.08716755,186.01715
0.8888889,0.23232323,0.11375698,0.08817737,186.909
0.8989899,0.23232323,0.11502855,0.08918603,187.92525
0.90909094,0.23232323,0.11627937,0.09019287,188.40506
0.9191919,0.23232323,0.11756727,0.0912035,189.67465
0.9292929,0.23232323,0.11883768,0.09221237,191.65874
0.93939394,0.23232323,0.12010558,0.093220964,192.35014
0.94949496,0.23232323,0.121375255,0.0942298,193.51616
0.959596,0.23232323,0.12263926,0.095238455,194.17256
0.969697,0.23232323,0.12390929,0.09624703,194.60619
0.97979796,0.23232323,0.12515007,0.0972535,194.9586
0.989899,0.23232323,0.12643673,0.0982647,196.5031
1.0,0.23232323,0.1276939,0.099272996,196.81155
0.0,0.24242425,0.0,0.0,0.0
0.01010101,0.24242425,0.0017062842,0.00011524669,90.9894
0.02020202,0.24242425,0.0032774403,0.0010345789,101.266884
0.030303031,0.24242425,0.0048148585,0.0020592608,100.880585
0.04040404,0.24242425,0.0063279057,0.0030610338,106.69083
0.05050505,0.24242425,0.007859175,0.0041563683,104.016624
0.060606062,0.24242425,0.009382698,0.0052499655,104.25476
0.07070707,0.24242425,0.010886624,0.0062953318,108.928
0.08080808,0.24242425,0.012381681,0.0073907445,108.29042
0.09090909,0.24242425,0.013848548,0.008464914,109.17848
0.1010101,0.24242425,0.015294547,0.009531079,110.48354
0.11111111,0.24242425,0.016728006,0.010599909,111.515915
0.121212125,0.24242425,0.018151091,0.011666547,112.49846
0.13131313,0.24242425,0.01955996,0.012727648,113.750435
0.14141414,0.24242425,0.020964855,0.013786366,115.05522
0.15151516,0.24242425,0.022361215,0.01484333,115.94836
0.16161616,0.24242425,0.023756498,0.015900206,117.03912
0.17171717,0.24242425,0.025145235,0.016955795,118.089836
0.18181819,0.24242425,0.026533026,0.018010916,118.90419
0.1919192,0.24242425,0.027914183,0.019064864,119.534134
0.2020202,0.24242425,0.029298743,0.020118117,120.341034
0.21212122,0.24242425,0.030686205,0.021171365,121.18407
0.22222222,0.24242425,0.032071713,0.022222625,122.00214
0.23232323,0.24242425,0.03345348,0.02327299,123.06534
0.24242425,0.24242425,0.03483699,0.02432292,123.98828
0.25252524,0.24242425,0.03621469,0.025371639,125.19229
0.26262626,0.24242425,0.037602626,0.026420798,126.36501
0.27272728,0.24242425,0.038982976,0.027468896,127.41238
0.28282827,0.24242425,0.040368166,0.028517038,128.44708
0.2929293,0.24242425,0.041748784,0.029564256,129.73509
0.3030303,0.24242425,0.04312977,0.030611098,131.01324
0.3131313,0.24242425,0.04451887,0.03165881,132.32454
0.32323232,0.24242425,0.045896787,0.032705378,133.34602
0.33333334,0.24242425,0.047274504,0.03375116,134.43045
0.34343433,0.24242425,0.048663728,0.034797803,135.81738
0.35353535,0.24242425,0.050045863,0.03584394,136.71591
0.36363637,0.24242425,0.051427472,0.03688931,138.08571
0.37373737,0.24242425,0.052812193,0.037935317,138.99281
0.3838384,0.24242425,0.054185543,0.038979553,139.84367
0.3939394,0.24242425,0.055562362,0.0400244,140.95828
0.4040404,0.24242425,0.056950167,0.041069955,141.57259
0.41414142,0.24242425,0.058321424,0.042113587,142.67825
0.42424244,0.24242425,0.05970667,0.04315825,143.58125
0.43434343,0.24242425,0.061083477,0.044202264,144.25404
0.44444445,0.24242425,0.062468108,0.04524661,145.46924
0.45454547,0.24242425,0.063833766,0.046288982,145.98183
0.46464646,0.24242425,0.06521473,0.04733246,146.80363
0.47474748,0.24242425,0.066588484,0.0483751,147.46896
0.4848485,0.24242425,0.06796939,0.049418338,148.53775
0.4949495,0.24242425,0.06932585,0.05045931,149.23029
0.5050505,0.24242425,0.07071274,0.051502954,150.21712
0.5151515,0.24242425,0.07207938,0.052544177,151.54146
0.5252525,0.24242425,0.073449396,0.053586047,152.0779
0.53535354,0.24242425,0.07482034,0.05462766,152.62738
0.54545456,0.24242425,0.07620689,0.055670995,154.44756
0.5555556,0.24242425,0.077575974,0.056712456,154.83386
0.56565654,0.24242425,0.078953825,0.05775454,156.22452
0.57575756,0.24242425,0.080340825,0.05879754,157.05489
0.5858586,0.24242425,0.081706405,0.059838645,157.93108
0.5959596,0.24242425,0.08308408,0.060881004,159.03377
0.6060606,0.24242425,0.084459014,0.06192251,160.59018
0.61616164,0.24242425,0.08583992,0.062965095,161.04355
0.6262626,0.24242425,0.08720705,0.06400589,162.29898
0.6363636,0.24242425,0.088566,0.06504607,162.9956
0.64646465,0.24242425,0.08995023,0.06608831,164.61313
0.65656567,0.24242425,0.0913214,0.06712938,165.66217
0.6666667,0.24242425,0.09269157,0.06817062,166.31186
0.67676765,0.24242425,0.094077356,0.069213405,167.70065
0.68686867,0.24242425,0.09546356,0.0702562,168.43826
0.6969697,0.24242425,0.09684639,0.071298085,169.80618
0.7070707,0.24242425,0.09822357,0.072340116,170.87833
0.7171717,0.24242425,0.09957937,0.07337978,171.43787
0.72727275,0.24242425,0.100956954,0.074421614,172.38333
0.7373737,0.24242425,0.10233665,0.075463645,173.83919
0.74747473,0.24242425,0.10371862,0.07650622,174.97763
0.75757575,0.24242425,0.10510006,0.07754836,175.54909
0.7676768,0.24242425,0.1064657,0.07858923,176.42453
0.7777778,0.24242425,0.1078529,0.07963172,177.88783
0.7878788,0.24242425,0.109223515,0.08067336,178.09868
0.7979798,0.24242425,0.1106041,0.0817155,179.34889
0.8080808,0.24242425,0.11198801,0.082758285,180.5529
0.8181818,0.24242425,0.113377,0.083801396,181.63919
0.82828283,0.24242425,0.11474788,0.08484264,182.47067
0.83838385,0.24242425,0.11612641,0.085884854,183.49886
0.8484849,0.24242425,0.11749355,0.086925596,184.47563
0.85858583,0.24242425,0.11884824,0.08796619,185.0903
0.86868685,0.24242425,0.12024233,0.08901022,186.02386
0.8787879,0.24242425,0.12162011,0.090051904,187.3076
0.8888889,0.24242425,0.122985564,0.09109362,187.92152
0.8989899,0.24242425,0.12436191,0.09213564,189.73872
0.90909094,0.24242425,0.12573412,0.09317822,190.5933
0.9191919,0.24242425,0.1271088,0.09421994,191.67438
0.9292929,0.24242425,0.12848088,0.09526241,191.51643
0.93939394,0.24242425,0.12989318,0.09630866,193.74117
0.94949496,0.24242425,0.13123421,0.09734848,194.26868
0.959596,0.24242425,0.13258952,0.09838902,194.68517
0.969697,0.24242425,0.13399598,0.09943531,196.11568
0.97979796,0.24242425,0.1353334,0.10047471,196.49715
0.989899,0.24242425,0.13671616,0.101517804,198.41045
1.0,0.24242425,0.13809334,0.102561474,198.47974
0.0,0.25252524,0.0,0.0,0.0
0.01010101,0.25252524,0.0018101182,0.00013311641,91.468796
0.02020202,0.25252524,0.003486502,0.0010849618,101.323975
0.030303031,0.25252524,0.0051278947,0.0021380824,100.76601
0.04040404,0.25252524,0.006750269,0.0031644034,106.75818
0.05050505,0.25252524,0.008392026,0.0042863567,104.155205
0.060606062,0.25252524,0.010026725,0.0054090894,104.26775
0.07070707,0.25252524,0.011643083,0.006484586,108.766
0.08080808,0.25252524,0.013245086,0.007608144,108.116165
0.09090909,0.25252524,0.014826066,0.008711605,109.197014
0.1010101,0.25252524,0.016383873,0.0098080775,110.7309
0.11111111,0.25252524,0.017927606,0.010908628,111.68281
0.121212125,0.25252524,0.01945944,0.012007539,112.62391
0.13131313,0.25252524,0.020978106,0.013101804,113.68012
0.14141414,0.25252524,0.022494124,0.0141926175,115.06388
0.15151516,0.25252524,0.024002377,0.015282649,116.33011
0.16161616,0.25252524,0.025503397,0.016372435,117.28089
0.17171717,0.25252524,0.02700002,0.017460378,118.09915
0.18181819,0.25252524,0.028497802,0.018548591,119.09679
0.1919192,0.25252524,0.0299931,0.01963584,119.84799
0.2020202,0.25252524,0.031483725,0.020723002,120.42857
0.21212122,0.25252524,0.03298347,0.021809112,121.31315
0.22222222,0.25252524,0.034471817,0.022893436,122.29476
0.23232323,0.25252524,0.035966743,0.023977326,123.24974
0.24242425,0.25252524,0.03745753,0.025059983,124.30288
0.25252524,0.25252524,0.038943958,0.026141768,125.35155
0.26262626,0.25252524,0.040439952,0.027224192,126.68185
0.27272728,0.25252524,0.041924685,0.028304314,127.55729
0.28282827,0.25252524,0.043419387,0.029385723,129.04723
0.2929293,0.25252524,0.044913482,0.030466259,130.1784
0.3030303,0.25252524,0.04640752,0.031546544,131.72105
0.3131313,0.25252524,0.047898043,0.032626413,132.79504
0.32323232,0.25252524,0.04939041,0.0337059,134.25835
0.33333334,0.25252524,0.050875396,0.034784906,135.0768
0.34343433,0.25252524,0.052363757,0.035863683,136.12546
0.35353535,0.25252524,0.053854976,0.03694247,137.52505
0.36363637,0.25252524,0.055351514,0.038021572,138.27272
0.37373737,0.25252524,0.056840234,0.03909972,139.6265
0.3838384,0.25252524,0.05832404,0.040176913,140.60811
0.3939394,0.25252524,0.05981514,0.041255243,141.28871
0.4040404,0.25252524,0.061311524,0.042333033,142.44281
0.41414142,0.25252524,0.062787615,0.043408763,143.42107
0.42424244,0.25252524,0.06427508,0.04448586,144.2492
0.43434343,0.25252524,0.06576196,0.0455626,145.10713
0.44444445,0.25252524,0.0672471,0.046638742,145.75832
0.45454547,0.25252524,0.06872165,0.04771385,146.785
0.46464646,0.25252524,0.07021231,0.048790686,147.22534
0.47474748,0.25252524,0.07169764,0.049866177,148.30939
0.4848485,0.25252524,0.0731718,0.050940823,149.04813
0.4949495,0.25252524,0.07465987,0.05201629,150.0599
0.5050505,0.25252524,0.07615063,0.053092346,151.02736
0.5151515,0.25252524,0.07762911,0.054166935,152.02127
0.5252525,0.25252524,0.079103686,0.05524091,152.83823
0.53535354,0.25252524,0.08058976,0.05631613,153.48569
0.54545456,0.25252524,0.08206804,0.057390343,154.78879
0.5555556,0.25252524,0.08355185,0.058465376,155.45003
0.56565654,0.25252524,0.08503517,0.0595396,156.49945
0.57575756,0.25252524,0.08651819,0.060614243,157.77759
0.5858586,0.25252524,0.08800068,0.061688725,158.75064
0.5959596,0.25252524,0.089479715,0.062763035,159.63838
0.6060606,0.25252524,0.09096333,0.06383741,160.96906
0.61616164,0.25252524,0.09244779,0.06491183,162.12016
0.6262626,0.25252524,0.09394777,0.06598804,162.82573
0.6363636,0.25252524,0.09541123,0.06706044,164.11691
0.64646465,0.25252524,0.09690192,0.068135485,165.24718
0.65656567,0.25252524,0.09840187,0.06921101,166.41692
0.6666667,0.25252524,0.09988309,0.07028545,167.72374
0.67676765,0.25252524,0.10135894,0.071358666,168.26242
0.68686867,0.25252524,0.10284673,0.07243346,169.86504
0.6969697,0.25252524,0.10431604,0.07350629,170.62724
0.7070707,0.25252524,0.1057983,0.074580126,171.60103
0.7171717,0.25252524,0.10729465,0.07565552,172.94287
0.72727275,0.25252524,0.108784646,0.07673084,173.89357
0.7373737,0.25252524,0.11026993,0.07780579,174.36072
0.74747473,0.25252524,0.11173422,0.07887742,175.49918
0.75757575,0.25252524,0.11323958,0.07995428,176.55864
0.7676768,0.25252524,0.114723854,0.08102854,177.83046
0.7777778,0.25252524,0.116196156,0.0821014,178.58148
0.7878788,0.25252524,0.11767847,0.08317526,179.5955
0.7979798,0.25252524,0.11918266,0.08425184,181.05879
0.8080808,0.25252524,0.12065865,0.08532606,181.67496
0.8181818,0.25252524,0.12211157,0.08639756,182.61597
0.82828283,0.25252524,0.12363315,0.0874753,184.13737
0.83838385,0.25252524,0.12510131,0.08854814,184.29012
0.8484849,0.25252524,0.126591,0.0896244,185.2423
0.85858583,0.25252524,0.12807913,0.09069911,186.51634
0.86868685,0.25252524,0.12956291,0.09177375,187.50801
0.8787879,0.25252524,0.13103661,0.09284795,187.93494
0.8888889,0.25252524,0.13252579,0.09392336,189.49211
0.8989899,0.25252524,0.13400036,0.09499698,190.74678
0.90909094,0.25252524,0.1355043,0.096074305,191.29515
0.9191919,0.25252524,0.13697204,0.09714776,192.49171
0.9292929,0.25252524,0.13846035,0.09822378,193.53479
0.93939394,0.25252524,0.13992967,0.09929726,194.22025
0.94949496,0.25252524,0.14141773,0.10037336,195.6269
0.959596,0.25252524,0.14290464,0.10144948,196.10152
0.969697,0.25252524,0.14437698,0.102524064,197.60504
0.97979796,0.25252524,0.1458349,0.10359721,198.06699
0.989899,0.25252524,0.14733732,0.10467522,199.78583
1.0,0.25252524,0.1487936,0.10574835,200.00189
0.0,0.26262626,0.0,0.0,0.0
0.01010101,0.26262626,0.0019186613,0.00013831691,93.4298
0.02020202,0.26262626,0.0037015998,0.001128895,101.8964
0.030303031,0.26262626,0.0054497495,0.0022096706,101.130714
0.04040404,0.26262626,0.007182356,0.0032633482,106.957924
0.05050505,0.26262626,0.008934197,0.0044079823,104.61686
0.060606062,0.26262626,0.010685673,0.00556291,104.24592
0.07070707,0.26262626,0.012415938,0.0066659055,108.78686
0.08080808,0.26262626,0.014134922,0.007819481,108.050835
0.09090909,0.26262626,0.01583033,0.0089488905,109.38281
0.1010101,0.26262626,0.017500324,0.010074579,110.92415
0.11111111,0.26262626,0.019158505,0.011205767,111.9256
0.121212125,0.26262626,0.020801578,0.012336136,112.716484
0.13131313,0.26262626,0.022437304,0.0134616885,113.85735
0.14141414,0.26262626,0.024061503,0.014584855,115.13485
0.15151516,0.26262626,0.02567972,0.015706118,116.31604
0.16161616,0.26262626,0.02729997,0.016826902,117.542595
0.17171717,0.26262626,0.028911935,0.01794813,118.39196
0.18181819,0.26262626,0.030516006,0.019067759,119.05842
0.1919192,0.26262626,0.03212476,0.020187872,120.04431
0.2020202,0.26262626,0.0337381,0.021307738,120.74243
0.21212122,0.26262626,0.035335418,0.022424443,121.652145
0.22222222,0.26262626,0.03694051,0.023541354,122.55851
0.23232323,0.26262626,0.038547274,0.024657447,123.509766
0.24242425,0.26262626,0.040150285,0.025772266,124.49492
0.25252524,0.26262626,0.041748352,0.026886452,125.47188
0.26262626,0.26262626,0.043350305,0.027999885,126.6798
0.27272728,0.26262626,0.044960566,0.029113768,127.96186
0.28282827,0.26262626,0.046558227,0.030225912,128.98016
0.2929293,0.26262626,0.048162535,0.031338025,130.49767
0.3030303,0.26262626,0.04976818,0.032450207,131.58842
0.3131313,0.26262626,0.05137418,0.033562154,133.08003
0.32323232,0.26262626,0.052977514,0.034673475,134.61932
0.33333334,0.26262626,0.05458241,0.035784516,135.73691
0.34343433,0.26262626,0.056181602,0.036895465,136.81502
0.35353535,0.26262626,0.05777971,0.03800545,137.69157
0.36363637,0.26262626,0.059384968,0.039116096,139.00548
0.37373737,0.26262626,0.060984876,0.040225927,139.85709
0.3838384,0.26262626,0.06258169,0.041335132,140.85733
0.3939394,0.26262626,0.06418332,0.042444624,141.6877
0.4040404,0.26262626,0.06577821,0.043553483,142.55754
0.41414142,0.26262626,0.0673792,0.04466211,143.51196
0.42424244,0.26262626,0.068978734,0.045771137,144.58858
0.43434343,0.26262626,0.070575215,0.046879154,145.33885
0.44444445,0.26262626,0.072177,0.04798737,146.47841
0.45454547,0.26262626,0.07377157,0.049094904,147.2108
0.46464646,0.26262626,0.0753704,0.05020264,148.5087
0.47474748,0.26262626,0.07695038,0.051308885,148.29785
0.4848485,0.26262626,0.078544326,0.052415304,149.61212
0.4949495,0.26262626,0.08013757,0.053522076,151.04227
0.5050505,0.26262626,0.08174066,0.05463013,151.51575
0.5151515,0.26262626,0.08333429,0.055736713,152.74919
0.5252525,0.26262626,0.084928624,0.056843325,153.43987
0.53535354,0.26262626,0.08651448,0.057948865,154.36821
0.54545456,0.26262626,0.08810698,0.05905497,155.30698
0.5555556,0.26262626,0.08970354,0.060161684,156.56613
0.56565654,0.26262626,0.091303386,0.061268512,157.59804
0.57575756,0.26262626,0.09289398,0.06237446,158.29616
0.5858586,0.26262626,0.094493575,0.06348085,159.82985
0.5959596,0.26262626,0.09608088,0.064586386,160.73958
0.6060606,0.26262626,0.097679906,0.06569306,161.51071
0.61616164,0.26262626,0.099267356,0.06679842,162.69534
0.6262626,0.26262626,0.1008607,0.06790461,163.97089
0.6363636,0.26262626,0.10247603,0.06901182,165.56158
0.64646465,0.26262626,0.10404428,0.07011567,165.74338
0.65656567,0.26262626,0.105664425,0.07122387,167.19699
0.6666667,0.26262626,0.10723785,0.0723282,167.79602
0.67676765,0.26262626,0.10884901,0.073435016,169.92763
0.68686867,0.26262626,0.11043974,0.0745406,170.36497
0.6969697,0.26262626,0.1120192,0.07564499,171.1771
0.7070707,0.26262626,0.11364233,0.07675347,172.7298
0.7171717,0.26262626,0.115217224,0.07785698,173.66632
0.72727275,0.26262626,0.11682706,0.07896518,174.3555
0.7373737,0.26262626,0.11841954,0.08007061,175.83966
0.74747473,0.26262626,0.12000551,0.0811759,176.45583
0.75757575,0.26262626,0.12161335,0.08228266,177.67697
0.7676768,0.26262626,0.12319494,0.08338704,178.98381
0.7777778,0.26262626,0.12480617,0.084494345,179.32281
0.7878788,0.26262626,0.12640353,0.08560026,180.81367
0.7979798,0.26262626,0.12798876,0.08670599,181.67049
0.8080808,0.26262626,0.12959684,0.0878134,182.9654
0.8181818,0.26262626,0.1311725,0.088917494,183.60541
0.82828283,0.26262626,0.13278413,0.09002518,184.22678
0.83838385,0.26262626,0.13436693,0.091130376,185.10818
0.8484849,0.26262626,0.13595796,0.092236094,186.3338
0.85858583,0.26262626,0.13753591,0.09334063,187.24873
0.86868685,0.26262626,0.13914083,0.09444779,188.60176
0.8787879,0.26262626,0.140755,0.09555671,189.07935
0.8888889,0.26262626,0.14234634,0.096662425,190.19023
0.8989899,0.26262626,0.14391983,0.09776751,191.53804
0.90909094,0.26262626,0.14554225,0.09887688,192.27937
0.9191919,0.26262626,0.14709195,0.09997956,192.95364
0.9292929,0.26262626,0.14871171,0.101088636,194.9273
0.93939394,0.26262626,0.15032256,0.10219718,195.36913
0.94949496,0.26262626,0.15190639,0.1033032,196.42413
0.959596,0.26262626,0.15349013,0.10440921,198.31508
0.969697,0.26262626,0.15507086,0.10551527,198.30316
0.97979796,0.26262626,0.15665331,0.10662156,199.45876
0.989899,0.26262626,0.1582709,0.10773113,201.20964
1.0,0.26262626,0.15986048,0.10883846,201.00177
0.0,0.27272728,0.0,0.0,0.0
0.01010101,0.27272728,0.0020279808,0.00015185752,94.36556
0.02020202,0.27272728,0.0039204326,0.0011746644,102.17558
0.030303031,0.27272728,0.0057783783,0.0022860265,100.84128
0.04040404,0.27272728,0.007625881,0.0033607157,107.01879
0.05050505,0.27272728,0.009493067,0.004534044,104.43055
0.060606062,0.27272728,0.011360777,0.005711381,104.28573
0.07070707,0.27272728,0.013209519,0.006843854,108.62001
0.08080808,0.27272728,0.015045568,0.008024599,107.83617
0.09090909,0.27272728,0.016854497,0.009177684,109.41457
0.1010101,0.27272728,0.01864244,0.010331975,111.02008
0.11111111,0.27272728,0.020417485,0.011492484,111.99853
0.121212125,0.27272728,0.022179063,0.012653279,112.94205
0.13131313,0.27272728,0.023929387,0.013808968,114.07966
0.14141414,0.27272728,0.02567374,0.0149622,115.36796
0.15151516,0.27272728,0.027409067,0.016114302,116.52391
0.16161616,0.27272728,0.029139403,0.017265586,117.59773
0.17171717,0.27272728,0.030864205,0.01841723,118.50372
0.18181819,0.27272728,0.032586742,0.019568425,119.476204
0.1919192,0.27272728,0.034305375,0.02071889,120.0024
0.2020202,0.27272728,0.036032632,0.021869399,120.97396
0.21212122,0.27272728,0.037751928,0.023018137,121.85182
0.22222222,0.27272728,0.039469693,0.024166027,122.50803
0.23232323,0.27272728,0.041190136,0.025312886,123.57775
0.24242425,0.27272728,0.04290944,0.026459219,124.68584
0.25252524,0.27272728,0.04464278,0.027605405,126.05786
0.26262626,0.27272728,0.046348847,0.028749313,127.079895
0.27272728,0.27272728,0.048060417,0.02989272,128.18835
0.28282827,0.27272728,0.04978644,0.031036757,129.70157
0.2929293,0.27272728,0.05150624,0.03218021,130.748
0.3030303,0.27272728,0.05322419,0.03332282,132.29437
0.3131313,0.27272728,0.054947022,0.03446547,133.75766
0.32323232,0.27272728,0.056663685,0.035608027,134.97993
0.33333334,0.27272728,0.058379706,0.036749683,135.9813
0.34343433,0.27272728,0.060096845,0.03789128,137.19946
0.35353535,0.27272728,0.061802663,0.039031144,138.16655
0.36363637,0.27272728,0.063521616,0.040172398,139.13326
0.37373737,0.27272728,0.065238506,0.04131336,140.30524
0.3838384,0.27272728,0.06696125,0.042454265,141.22911
0.3939394,0.27272728,0.06868284,0.043594617,142.89952
0.4040404,0.27272728,0.070379674,0.044732973,143.5481
0.41414142,0.27272728,0.07209255,0.04587271,144.13782
0.42424244,0.27272728,0.07381485,0.04701231,145.48972
0.43434343,0.27272728,0.075518265,0.04815048,145.8574
0.44444445,0.27272728,0.077224836,0.049288463,146.96307
0.45454547,0.27272728,0.07894403,0.05042781,147.87354
0.46464646,0.27272728,0.08065581,0.051566053,148.97212
0.47474748,0.27272728,0.08234787,0.052702595,149.19937
0.4848485,0.27272728,0.08407329,0.05384117,150.52408
0.4949495,0.27272728,0.08577796,0.05497867,151.49377
0.5050505,0.27272728,0.0874843,0.056115884,152.23622
0.5151515,0.27272728,0.08918614,0.05725238,153.36424
0.5252525,0.27272728,0.09090302,0.05839059,154.57645
0.53535354,0.27272728,0.09260975,0.059527364,155.58041
0.54545456,0.27272728,0.09430981,0.06066372,156.36385
0.5555556,0.27272728,0.09602633,0.061801158,157.3354
0.56565654,0.27272728,0.097727895,0.06293753,158.17285
0.57575756,0.27272728,0.09944803,0.06407542,159.30682
0.5858586,0.27272728,0.10116118,0.065212905,160.04965
0.5959596,0.27272728,0.10286264,0.06634894,161.85269
0.6060606,0.27272728,0.10457357,0.067485824,162.0777
0.61616164,0.27272728,0.10627234,0.068621516,163.50597
0.6262626,0.27272728,0.10800104,0.06975975,164.6489
0.6363636,0.27272728,0.10969504,0.07089464,166.06897
0.64646465,0.27272728,0.11139677,0.072031125,167.0666
0.65656567,0.27272728,0.11311327,0.07316776,168.36003
0.6666667,0.27272728,0.11484467,0.074306525,169.46643
0.67676765,0.27272728,0.1165493,0.07544266,170.39627
0.68686867,0.27272728,0.11823656,0.07657709,171.3261
0.6969697,0.27272728,0.11996839,0.07771509,172.68806
0.7070707,0.27272728,0.12167311,0.078851454,173.55756
0.7171717,0.27272728,0.12339048,0.07998856,174.9903
0.72727275,0.27272728,0.12507357,0.081122756,175.02754
0.7373737,0.27272728,0.12678936,0.08225983,176.67711
0.74747473,0.27272728,0.12850273,0.083396606,177.58682
0.75757575,0.27272728,0.13022096,0.08453378,178.88173
0.7676768,0.27272728,0.13192506,0.085669465,179.53664
0.7777778,0.27272728,0.13365114,0.08680758,180.77194
0.7878788,0.27272728,0.13536277,0.0879445,181.92082
0.7979798,0.27272728,0.13705191,0.089079484,182.82831
0.8080808,0.27272728,0.13879584,0.09021895,183.59721
0.8181818,0.27272728,0.14046654,0.09135173,184.64774
0.82828283,0.27272728,0.14216478,0.092487276,185.34438
0.83838385,0.27272728,0.14391202,0.093628064,186.62437
0.8484849,0.27272728,0.1455833,0.094761215,187.37167
0.85858583,0.27272728,0.14731148,0.095899604,188.80516
0.86868685,0.27272728,0.14901625,0.09703618,189.58823
0.8787879,0.27272728,0.15073206,0.09817342,191.33315
0.8888889,0.27272728,0.15243836,0.09931109,192.11769
0.8989899,0.27272728,0.15413351,0.10044646,192.9991
0.90909094,0.27272728,0.1558201,0.1015816,193.52734
0.9191919,0.27272728,0.15754613,0.102721125,195.37062
0.9292929,0.27272728,0.15924534,0.103858195,194.1502
0.93939394,0.27272728,0.16097644,0.10499709,197.42697
0.94949496,0.27272728,0.16267772,0.10613471,197.82782
0.959596,0.27272728,0.16440494,0.10727455,199.24045
0.969697,0.27272728,0.16609089,0.108409375,199.51389
0.97979796,0.27272728,0.16778035,0.10954605,200.25075
0.989899,0.27272728,0.16948818,0.1106852,200.96823
1.0,0.27272728,0.1711673,0.11181987,202.42407
0.0,0.28282827,0.0,0.0,0.0
0.01010101,0.28282827,0.0021390703,0.00016750324,95.00823
0.02020202,0.28282827,0.004144782,0.0012191623,102.44849
0.030303031,0.28282827,0.006115098,0.0023526037,101.19013
0.04040404,0.28282827,0.008076877,0.0034527255,107.21513
0.05050505,0.28282827,0.010062484,0.004648214,104.893234
0.060606062,0.28282827,0.012049434,0.005853883,104.353065
0.07070707,0.28282827,0.014017897,0.0070125367,108.58104
0.08080808,0.28282827,0.01597574,0.008218493,107.88916
0.09090909,0.28282827,0.017905189,0.009398773,109.59562
0.1010101,0.28282827,0.019811518,0.010578773,111.35489
0.11111111,0.28282827,0.02170705,0.011768266,112.269165
0.121212125,0.28282827,0.023589278,0.01295724,113.23784
0.13131313,0.28282827,0.025455395,0.014142615,114.161804
0.14141414,0.28282827,0.02731616,0.015325676,115.533455
0.15151516,0.28282827,0.029173626,0.01650675,116.66138
0.16161616,0.28282827,0.031021334,0.017687611,117.837265
0.17171717,0.28282827,0.032866966,0.018868774,118.780136
0.18181819,0.28282827,0.034710772,0.020049863,119.40468
0.1919192,0.28282827,0.036552485,0.021230975,120.42206
0.2020202,0.28282827,0.038394354,0.02241119,121.29322
0.21212122,0.28282827,0.040229976,0.023590092,121.98575
0.22222222,0.28282827,0.042065725,0.02476753,122.753716
0.23232323,0.28282827,0.043909095,0.02594526,123.97487
0.24242425,0.28282827,0.045742348,0.02712098,124.87043
0.25252524,0.28282827,0.047576852,0.028296264,125.81777
0.26262626,0.28282827,0.04942333,0.029471248,127.494896
0.27272728,0.28282827,0.05125761,0.03064512,128.54227
0.28282827,0.28282827,0.05309058,0.03181754,129.91988
0.2929293,0.28282827,0.054927092,0.032990724,131.19354
0.3030303,0.28282827,0.056761403,0.03416319,132.6982
0.3131313,0.28282827,0.05860563,0.03533619,133.75543
0.32323232,0.28282827,0.060438775,0.03650824,135.06711
0.33333334,0.28282827,0.062274035,0.03767943,136.56653
0.34343433,0.28282827,0.06411087,0.038850743,137.79216
0.35353535,0.28282827,0.06594531,0.040021792,138.68921
0.36363637,0.28282827,0.067774534,0.04119168,140.19646
0.37373737,0.28282827,0.069612905,0.04236239,140.82007
0.3838384,0.28282827,0.07144129,0.043531768,142.1351
0.3939394,0.28282827,0.073280886,0.044702392,143.06158
0.4040404,0.28282827,0.07511564,0.04587202,143.7042
0.41414142,0.28282827,0.07693244,0.047040045,144.732
0.42424244,0.28282827,0.07877211,0.048209205,145.8101
0.43434343,0.28282827,0.08059021,0.04937672,146.75632
0.44444445,0.28282827,0.08241886,0.050545216,147.25142
0.45454547,0.28282827,0.08424446,0.051712386,148.91997
0.46464646,0.28282827,0.08607767,0.052880663,149.30591
0.47474748,0.28282827,0.08789721,0.054047436,149.98726
0.4848485,0.28282827,0.08973045,0.05521525,151.25647
0.4949495,0.28282827,0.09154613,0.0563813,151.8175
0.5050505,0.28282827,0.093373165,0.057548847,152.66388
0.5151515,0.28282827,0.09520399,0.05871588,153.71628
0.5252525,0.28282827,0.097026385,0.059882663,154.72844
0.53535354,0.28282827,0.09884642,0.061048165,155.6076
0.54545456,0.28282827,0.10067814,0.062215213,157.13759
0.5555556,0.28282827,0.10249557,0.06338161,157.60437
0.56565654,0.28282827,0.10433773,0.06454901,159.0155
0.57575756,0.28282827,0.10615275,0.06571481,160.19865
0.5858586,0.28282827,0.1079654,0.066879965,160.69115
0.5959596,0.28282827,0.10979601,0.06804651,162.09111
0.6060606,0.28282827,0.111632176,0.06921415,162.93079
0.61616164,0.28282827,0.1134572,0.07038004,164.39929
0.6262626,0.28282827,0.115280464,0.071545705,165.43642
0.6363636,0.28282827,0.11712076,0.072713345,166.61807
0.64646465,0.28282827,0.11893969,0.07387855,167.39294
0.65656567,0.28282827,0.12076206,0.07504418,168.48445
0.6666667,0.28282827,0.12258882,0.07621034,170.02597
0.67676765,0.28282827,0.12441337,0.07737632,171.08694
0.68686867,0.28282827,0.1262571,0.078543514,171.8983
0.6969697,0.28282827,0.12807629,0.079708576,173.30423
0.7070707,0.28282827,0.12989746,0.080874294,173.99565
0.7171717,0.28282827,0.13172252,0.08204061,175.13484
0.72727275,0.28282827,0.13357615,0.08320853,175.97601
0.7373737,0.28282827,0.13538589,0.08437296,176.95576
0.74747473,0.28282827,0.13722682,0.085539624,179.35783
0.75757575,0.28282827,0.13904455,0.08670523,179.47554
0.7676768,0.28282827,0.14087513,0.087871104,180.83379
0.7777778,0.28282827,0.1426974,0.08903655,181.84036
0.7878788,0.28282827,0.144538,0.0902048,181.81354
0.7979798,0.28282827,0.14635777,0.09136994,183.17326
0.8080808,0.28282827,0.14817175,0.092534445,183.47949
0.8181818,0.28282827,0.15001692,0.093702234,186.02162
0.82828283,0.28282827,0.15182297,0.09486702,186.96188
0.83838385,0.28282827,0.15367252,0.096034475,188.09065
0.8484849,0.28282827,0.15548876,0.09719998,189.29169
0.85858583,0.28282827,0.15732989,0.098367825,189.99055
0.86868685,0.28282827,0.15913627,0.09953257,190.45845
0.8787879,0.28282827,0.1609681,0.10069908,192.108
0.8888889,0.28282827,0.16278964,0.10186603,192.51033
0.8989899,0.28282827,0.16462111,0.10303269,193.86336
0.90909094,0.28282827,0.1664459,0.10419932,195.17392
0.9191919,0.28282827,0.16826537,0.10536543,196.85477
0.9292929,0.28282827,0.17009775,0.106533445,197.28989
0.93939394,0.28282827,0.17191772,0.10770022,198.19363
0.94949496,0.28282827,0.17373428,0.10886667,199.08548
0.959596,0.28282827,0.1755363,0.11003194,199.32538
0.969697,0.28282827,0.17739597,0.11120319,201.53076
0.97979796,0.28282827,0.17919727,0.11236848,201.88466
0.989899,0.28282827,0.18103977,0.113537624,203.6035
1.0,0.28282827,0.18284935,0.114703804,204.11089
0.0,0.2929293,0.0,0.0,0.0
0.01010101,0.2929293,0.002253588,0.00017691849,96.256996
0.02020202,0.2929293,0.004374404,0.0012561062,103.29855
0.030303031,0.2929293,0.006458417,0.0024196643,101.319885
0.04040404,0.2929293,0.008539445,0.0035428908,107.31178
0.05050505,0.2929293,0.01064434,0.004762544,105.03614
0.060606062,0.2929293,0.012752522,0.005990068,104.50431
0.07070707,0.2929293,0.014843874,0.0071775676,108.395096
0.08080808,0.2929293,0.016922552,0.008406241,107.80962
0.09090909,0.2929293,0.018974349,0.009609395,109.82295
0.1010101,0.2929293,0.021006647,0.010816494,111.57952
0.11111111,0.2929293,0.023020837,0.012032797,112.410355
0.121212125,0.2929293,0.025023354,0.013250158,113.25795
0.13131313,0.2929293,0.027017398,0.014463009,114.486084
0.14141414,0.2929293,0.029000899,0.01567422,115.69839
0.15151516,0.2929293,0.030977769,0.016883288,116.88881
0.16161616,0.2929293,0.03294785,0.018092893,118.104
0.17171717,0.2929293,0.034914818,0.019302243,119.08114
0.18181819,0.2929293,0.03687617,0.020512663,119.76994
0.1919192,0.2929293,0.038840245,0.02172187,120.66048
0.2020202,0.2929293,0.040805396,0.022930834,121.533875
0.21212122,0.2929293,0.0427612,0.024138715,122.2454
0.22222222,0.2929293,0.04472188,0.025345754,123.16648
0.23232323,0.2929293,0.04668292,0.026551556,124.30027
0.24242425,0.2929293,0.048636205,0.02775653,125.29735
0.25252524,0.2929293,0.050592437,0.028960299,126.47193
0.26262626,0.2929293,0.052561104,0.03016426,127.620995
0.27272728,0.2929293,0.054515675,0.031366955,129.07571
0.28282827,0.2929293,0.056473367,0.032569204,130.39783
0.2929293,0.2929293,0.05843224,0.0337703,131.81604
0.3030303,0.2929293,0.060392838,0.034972474,133.01373
0.3131313,0.2929293,0.062352877,0.0361734,134.46658
0.32323232,0.2929293,0.064312436,0.03737429,135.99657
0.33333334,0.2929293,0.06626655,0.038574107,137.07355
0.34343433,0.2929293,0.06821476,0.0397735,138.09688
0.35353535,0.2929293,0.070168525,0.040973056,138.94849
0.36363637,0.2929293,0.072123714,0.04217215,140.36745
0.37373737,0.2929293,0.07407553,0.04337073,141.20862
0.3838384,0.2929293,0.07603087,0.044569515,142.29305
0.3939394,0.2929293,0.07798609,0.045768205,143.33427
0.4040404,0.2929293,0.079939984,0.046965927,144.57516
0.41414142,0.2929293,0.08188799,0.048162833,145.52773
0.42424244,0.2929293,0.08384596,0.04936085,146.42775
0.43434343,0.2929293,0.08578949,0.050557684,146.79991
0.44444445,0.2929293,0.08773752,0.05175433,148.05719
0.45454547,0.2929293,0.08968809,0.05295066,149.01758
0.46464646,0.2929293,0.0916201,0.05414539,149.48695
0.47474748,0.2929293,0.093571804,0.055341516,151.08623
0.4848485,0.2929293,0.09552963,0.056538135,152.21126
0.4949495,0.2929293,0.09746624,0.057733413,153.09378
0.5050505,0.2929293,0.09941774,0.058929093,153.69467
0.5151515,0.2929293,0.1013696,0.060124885,154.84169
0.5252525,0.2929293,0.103310585,0.061319847,155.73166
0.53535354,0.2929293,0.10524729,0.06251403,156.75798
0.54545456,0.2929293,0.10720609,0.06371035,157.80627
0.5555556,0.2929293,0.1091376,0.064903766,158.84563
0.56565654,0.2929293,0.11108196,0.066099145,159.8008
0.57575756,0.2929293,0.11303552,0.06729439,160.87741
0.5858586,0.2929293,0.11497728,0.06848894,161.84673
0.5959596,0.2929293,0.1169277,0.069684245,163.21317
0.6060606,0.2929293,0.11888027,0.070878856,164.20036
0.61616164,0.2929293,0.12081911,0.072073564,165.26059
0.6262626,0.2929293,0.12276617,0.07326841,165.71208
0.6363636,0.2929293,0.12470583,0.074462324,166.83041
0.64646465,0.2929293,0.12666368,0.0756573,168.77652
0.65656567,0.2929293,0.12861337,0.07685199,170.16827
0.6666667,0.2929293,0.13057424,0.07804795,170.65257
0.67676765,0.2929293,0.13250436,0.07924111,171.90948
0.68686867,0.2929293,0.134444,0.080434576,172.46156
0.6969697,0.2929293,0.13639054,0.081628755,173.83545
0.7070707,0.2929293,0.13836911,0.082826465,174.96422
0.7171717,0.2929293,0.14029676,0.08401959,175.73907
0.72727275,0.2929293,0.14224277,0.08521339,177.10402
0.7373737,0.2929293,0.14420375,0.08640907,178.05249
0.74747473,0.2929293,0.14613089,0.08760129,179.40327
0.75757575,0.2929293,0.14807937,0.08879604,180.41208
0.7676768,0.2929293,0.15006214,0.08999284,181.15565
0.7777778,0.2929293,0.15199007,0.09118627,181.9618
0.7878788,0.2929293,0.15393636,0.09238092,184.03679
0.7979798,0.2929293,0.15588415,0.093574874,185.27284
0.8080808,0.2929293,0.15783347,0.094769314,185.94638
0.8181818,0.2929293,0.1597654,0.09596309,186.67206
0.82828283,0.2929293,0.16173881,0.09715976,187.44022
0.83838385,0.2929293,0.16367185,0.09835293,189.03911
0.8484849,0.2929293,0.16561405,0.0995469,190.05835
0.85858583,0.2929293,0.16754688,0.10074122,191.42479
0.86868685,0.2929293,0.16950649,0.10193675,192.23764
0.8787879,0.2929293,0.1714463,0.10313162,193.01102
0.8888889,0.2929293,0.1733957,0.10432616,194.25005
0.8989899,0.2929293,0.1753318,0.105521075,194.81778
0.90909094,0.2929293,0.17729114,0.10671695,196.06725
0.9191919,0.2929293,0.17923692,0.107912295,197.15503
0.9292929,0.2929293,0.18118903,0.109108046,198.42982
0.93939394,0.2929293,0.18311992,0.1103025,199.75006
0.94949496,0.2929293,0.18505725,0.11149831,199.86256
0.959596,0.2929293,0.18700974,0.112694405,200.35803
0.969697,0.2929293,0.18894768,0.11388903,202.22664
0.97979796,0.2929293,0.19090568,0.11508644,203.34274
0.989899,0.2929293,0.1928158,0.11627994,204.30833
1.0,0.2929293,0.19476955,0.11747681,205.34843
0.0,0.3030303,0.0,0.0,0.0
0.01010101,0.3030303,0.002369105,0.00019019948,96.998436
0.02020202,0.3030303,0.004607492,0.001294696,103.80137
0.030303031,0.3030303,0.0068088816,0.0024836464,101.50492
0.04040404,0.3030303,0.0090102,0.003627978,107.55954
0.05050505,0.3030303,0.011237466,0.0048720324,105.24108
0.060606062,0.3030303,0.013473218,0.0061220382,104.74855
0.07070707,0.3030303,0.015687304,0.007334861,108.30024
0.08080808,0.3030303,0.01789064,0.008587616,107.774605
0.09090909,0.3030303,0.020067126,0.009813159,109.93583
0.1010101,0.3030303,0.022223927,0.011044275,111.76206
0.11111111,0.3030303,0.024363266,0.012286077,112.76845
0.121212125,0.3030303,0.026491575,0.013529553,113.602264
0.13131313,0.3030303,0.02861094,0.014770248,114.68688
0.14141414,0.3030303,0.03071862,0.01600813,116.00926
0.15151516,0.3030303,0.032817855,0.017244453,117.18683
0.16161616,0.3030303,0.03491615,0.018481236,118.3698
0.17171717,0.3030303,0.037008084,0.019718118,119.272064
0.18181819,0.3030303,0.039094012,0.020955682,120.07076
0.1919192,0.3030303,0.041182436,0.022192676,121.010284
0.2020202,0.3030303,0.04326945,0.02342999,121.82016
0.21212122,0.3030303,0.045353282,0.024665678,122.756325
0.22222222,0.3030303,0.04743976,0.02590018,123.46748
0.23232323,0.3030303,0.049519677,0.027134286,124.51671
0.24242425,0.3030303,0.05159731,0.02836638,125.511734
0.25252524,0.3030303,0.053685687,0.029598702,126.8452
0.26262626,0.3030303,0.055764787,0.03082958,127.92219
0.27272728,0.3030303,0.057858188,0.032060828,129.41696
0.28282827,0.3030303,0.059937697,0.033289928,130.90111
0.2929293,0.3030303,0.062013064,0.03451922,132.07458
0.3030303,0.3030303,0.064104095,0.035748716,133.45033
0.3131313,0.3030303,0.06617626,0.036976643,134.89015
0.32323232,0.3030303,0.0682591,0.038204547,136.27373
0.33333334,0.3030303,0.07033336,0.039432075,137.3276
0.34343433,0.3030303,0.07242068,0.040660266,138.64934
0.35353535,0.3030303,0.07449591,0.041886687,139.89024
0.36363637,0.3030303,0.07658257,0.04311407,140.83273
0.37373737,0.3030303,0.07866348,0.044340864,142.0021
0.3838384,0.3030303,0.080728844,0.0455661,143.01688
0.3939394,0.3030303,0.08280216,0.046791237,143.75224
0.4040404,0.3030303,0.084874,0.048016597,144.96408
0.41414142,0.3030303,0.086958565,0.049242254,145.91962
0.42424244,0.3030303,0.08903241,0.05046676,146.84349
0.43434343,0.3030303,0.09109464,0.05169056,147.57812
0.44444445,0.3030303,0.09316484,0.052914176,148.67708
0.45454547,0.3030303,0.095246464,0.054138694,149.61436
0.46464646,0.3030303,0.09730915,0.055361737,150.44435
0.47474748,0.3030303,0.09938013,0.056585044,151.66774
0.4848485,0.3030303,0.10144613,0.057807945,152.4344
0.4949495,0.3030303,0.103526115,0.059032314,153.20033
0.5050505,0.3030303,0.10560006,0.060255308,154.1771
0.5151515,0.3030303,0.107661426,0.061477464,155.10432
0.5252525,0.3030303,0.10972828,0.062700294,155.87434
0.53535354,0.3030303,0.1118029,0.06392307,157.26462
0.54545456,0.3030303,0.11386907,0.0651453,158.79274
0.5555556,0.3030303,0.115941025,0.0663684,159.43944
0.56565654,0.3030303,0.11800942,0.067590855,160.43633
0.57575756,0.3030303,0.12006855,0.06881193,161.78041
0.5858586,0.3030303,0.12214474,0.07003492,162.94942
0.5959596,0.3030303,0.124218,0.07125715,163.80101
0.6060606,0.3030303,0.12628989,0.07247945,165.4163
0.61616164,0.3030303,0.12834035,0.07370038,165.84993
0.6262626,0.3030303,0.13041244,0.074923106,166.37296
0.6363636,0.3030303,0.13251305,0.076147124,168.35481
0.64646465,0.3030303,0.13456605,0.07736735,169.08124
0.65656567,0.3030303,0.1366185,0.07858793,170.4134
0.6666667,0.3030303,0.13870731,0.0798114,171.54962
0.67676765,0.3030303,0.14079559,0.08103441,173.06284
0.68686867,0.3030303,0.14283477,0.082253434,173.53668
0.6969697,0.3030303,0.14492485,0.0834768,174.61627
0.7070707,0.3030303,0.14700352,0.084700346,176.06541
0.7171717,0.3030303,0.14907767,0.08592182,177.14053
0.72727275,0.3030303,0.15115191,0.08714438,177.49593
0.7373737,0.3030303,0.15319069,0.0883637,178.8564
0.74747473,0.3030303,0.15526249,0.089584306,180.49777
0.75757575,0.3030303,0.15734467,0.09080718,181.51253
0.7676768,0.3030303,0.15940091,0.09202819,182.6264
0.7777778,0.3030303,0.1614824,0.09325052,183.18742
0.7878788,0.3030303,0.1635429,0.09447071,185.28328
0.7979798,0.3030303,0.16561718,0.0956935,186.02087
0.8080808,0.3030303,0.16768631,0.09691514,186.73465
0.8181818,0.3030303,0.16977178,0.09813831,187.95282
0.82828283,0.3030303,0.17183544,0.09935929,189.50328
0.83838385,0.3030303,0.173904,0.10058098,189.2455
0.8484849,0.3030303,0.17596741,0.101802915,191.4233
0.85858583,0.3030303,0.1780405,0.10302531,191.959
0.86868685,0.3030303,0.18012165,0.10424921,193.72403
0.8787879,0.3030303,0.18218133,0.10547013,194.13904
0.8888889,0.3030303,0.18426208,0.106692545,195.59338
0.8989899,0.3030303,0.18633083,0.10791506,196.27287
0.90909094,0.3030303,0.18838972,0.10913702,197.39867
0.9191919,0.3030303,0.19044903,0.110358775,197.84123
0.9292929,0.3030303,0.19254012,0.1115839,199.33656
0.93939394,0.3030303,0.19460185,0.112805866,200.72162
0.94949496,0.3030303,0.19667839,0.11402899,200.49364
0.959596,0.3030303,0.19872469,0.11525104,202.51274
0.969697,0.3030303,0.20079902,0.11647534,203.45226
0.97979796,0.3030303,0.20284347,0.11769607,204.34633
0.989899,0.3030303,0.20493591,0.118921906,205.72618
1.0,0.3030303,0.20697452,0.120142646,205.98918
0.0,0.3131313,0.0,0.0,0.0
0.01010101,0.3131313,0.0024891754,0.00019237366,98.824036
0.02020202,0.3131313,0.004845011,0.0013368742,103.78305
0.030303031,0.3131313,0.007164701,0.002547526,101.43989
0.04040404,0.3131313,0.0094892215,0.0037099342,107.76874
0.05050505,0.3131313,0.0118414005,0.004977667,105.35573
0.060606062,0.3131313,0.014201331,0.0062485305,104.80662
0.07070707,0.3131313,0.016545933,0.0074865436,108.218475
0.08080808,0.3131313,0.018875087,0.00876066,107.75207
0.09090909,0.3131313,0.021177635,0.010006321,110.136345
0.1010101,0.3131313,0.023462359,0.011261895,112.14111
0.11111111,0.3131313,0.02572975,0.012529478,112.932365
0.121212125,0.3131313,0.027985819,0.013798674,113.57712
0.13131313,0.3131313,0.030229801,0.015063734,114.77424
0.14141414,0.3131313,0.03246752,0.016327387,116.0549
0.15151516,0.3131313,0.03469735,0.017589383,117.27605
0.16161616,0.3131313,0.03692143,0.018851576,118.75611
0.17171717,0.3131313,0.03914387,0.020115437,119.75467
0.18181819,0.3131313,0.04135722,0.02137882,120.494514
0.1919192,0.3131313,0.043567732,0.022642786,121.281296
0.2020202,0.3131313,0.0457864,0.023906915,122.17965
0.21212122,0.3131313,0.047989734,0.025168732,122.724846
0.22222222,0.3131313,0.050199434,0.026430234,123.74613
0.23232323,0.3131313,0.052413147,0.027690712,124.91345
0.24242425,0.3131313,0.054624185,0.02895023,125.76375
0.25252524,0.3131313,0.05683581,0.030209022,126.978195
0.26262626,0.3131313,0.05905119,0.031467237,128.37015
0.27272728,0.3131313,0.06126007,0.032724436,129.78838
0.28282827,0.3131313,0.06345987,0.033979833,131.24756
0.2929293,0.3131313,0.065676086,0.03523655,132.57079
0.3030303,0.3131313,0.06788926,0.036492012,133.82658
0.3131313,0.3131313,0.070092306,0.037746646,135.56517
0.32323232,0.3131313,0.0722981,0.039000995,136.5833
0.33333334,0.3131313,0.074503705,0.04025547,137.66289
0.34343433,0.3131313,0.076712996,0.04150941,139.15561
0.35353535,0.3131313,0.07892081,0.042762905,140.00908
0.36363637,0.3131313,0.081130065,0.044016473,141.41835
0.37373737,0.3131313,0.08332717,0.04526853,142.61008
0.3838384,0.3131313,0.08552444,0.046520725,143.24374
0.3939394,0.3131313,0.08773311,0.047773197,144.78973
0.4040404,0.3131313,0.08993555,0.049024973,145.41895
0.41414142,0.3131313,0.092126176,0.050275356,146.42477
0.42424244,0.3131313,0.094318405,0.051525995,147.27228
0.43434343,0.3131313,0.096528254,0.05277783,147.92346
0.44444445,0.3131313,0.09872768,0.05402821,149.5611
0.45454547,0.3131313,0.10092645,0.055278115,150.0722
0.46464646,0.3131313,0.103127226,0.056527954,151.38872
0.47474748,0.3131313,0.105318084,0.05777718,152.36102
0.4848485,0.3131313,0.10750572,0.059025906,153.00401
0.4949495,0.3131313,0.1097102,0.060276847,154.40434
0.5050505,0.3131313,0.111907355,0.061526556,154.83089
0.5151515,0.3131313,0.11409523,0.062774874,156.15225
0.5252525,0.3131313,0.11629621,0.06402396,157.208
0.53535354,0.3131313,0.11848291,0.06527219,157.84726
0.54545456,0.3131313,0.12067482,0.06652086,159.36792
0.5555556,0.3131313,0.122879,0.06777094,160.25081
0.56565654,0.3131313,0.12507455,0.06901982,161.36467
0.57575756,0.3131313,0.1272613,0.07026749,162.35188
0.5858586,0.3131313,0.1294632,0.07151609,164.07072
0.5959596,0.3131313,0.13166238,0.072765216,164.89104
0.6060606,0.3131313,0.13384713,0.07401259,165.44759
0.61616164,0.3131313,0.13603275,0.0752608,166.34166
0.6262626,0.3131313,0.13823521,0.07650899,168.4934
0.6363636,0.3131313,0.14042442,0.07775671,169.58043
0.64646465,0.3131313,0.14263004,0.079005904,170.19362
0.65656567,0.3131313,0.14482899,0.080254376,171.38124
0.6666667,0.3131313,0.1470214,0.08150222,172.2768
0.67676765,0.3131313,0.14922681,0.08275098,174.07611
0.68686867,0.3131313,0.1514301,0.08399957,175.10504
0.6969697,0.3131313,0.15364718,0.08525046,175.88065
0.7070707,0.3131313,0.15582785,0.08649715,177.34766
0.7171717,0.3131313,0.15800263,0.08774293,177.297
0.72727275,0.3131313,0.16020235,0.08899132,178.14189
0.7373737,0.3131313,0.16240555,0.09023924,180.20496
0.74747473,0.3131313,0.1645965,0.09148677,181.34267
0.75757575,0.3131313,0.1667926,0.09273448,182.8663
0.7676768,0.3131313,0.16898556,0.093982235,183.22691
0.7777778,0.3131313,0.17120098,0.09523175,184.2223
0.7878788,0.3131313,0.17338215,0.09647928,185.3563
0.7979798,0.3131313,0.17558427,0.09772668,186.12296
0.8080808,0.3131313,0.17777511,0.098974615,187.99529
0.8181818,0.3131313,0.1799845,0.10022409,188.77983
0.82828283,0.3131313,0.18217143,0.101470895,189.78194
0.83838385,0.3131313,0.1843892,0.10272128,191.32645
0.8484849,0.3131313,0.18654962,0.1039659,191.5969
0.85858583,0.3131313,0.18874954,0.10521408,193.60706
0.86868685,0.3131313,0.19095172,0.106464155,194.05782
0.8787879,0.3131313,0.19315837,0.10771276,195.31622
0.8888889,0.3131313,0.19533786,0.10896061,196.43083
0.8989899,0.3131313,0.19756763,0.110211715,198.04016
0.90909094,0.3131313,0.1997369,0.11145857,198.90741
0.9191919,0.3131313,0.2019396,0.112707384,200.11217
0.9292929,0.3131313,0.20411465,0.11395485,201.20218
0.93939394,0.3131313,0.20633695,0.11520681,201.74086
0.94949496,0.3131313,0.20849663,0.11645304,201.94128
0.959596,0.3131313,0.21070231,0.11770297,204.34335
0.969697,0.3131313,0.21288654,0.11895263,204.34186
0.97979796,0.3131313,0.21508445,0.12020225,206.15309
0.989899,0.3131313,0.21729247,0.12145368,206.2045
1.0,0.3131313,0.21946613,0.12270146,207.24387
0.0,0.32323232,0.0,0.0,0.0
0.01010101,0.32323232,0.002608602,0.00020550485,99.361
0.02020202,0.32323232,0.0050869263,0.0013723683,104.230644
0.030303031,0.32323232,0.007528195,0.0026059528,101.63977
0.04040404,0.32323232,0.009977181,0.0037882938,108.01321
0.05050505,0.32323232,0.012456162,0.005079022,105.586555
0.060606062,0.32323232,0.014944192,0.006368466,104.99926
0.07070707,0.32323232,0.017417569,0.0076302974,108.15705
0.08080808,0.32323232,0.019878414,0.008925254,107.739494
0.09090909,0.32323232,0.022308648,0.010193289,110.23479
0.1010101,0.32323232,0.024724403,0.011469858,112.33911
0.11111111,0.32323232,0.027119765,0.012760613,113.124214
0.121212125,0.32323232,0.02950572,0.014053658,113.96138
0.13131313,0.32323232,0.031883404,0.015344496,114.97894
0.14141414,0.32323232,0.034251757,0.016631026,116.40098
0.15151516,0.32323232,0.036606487,0.017918115,117.66702
0.16161616,0.32323232,0.038964156,0.019205276,118.92095
0.17171717,0.32323232,0.041307025,0.02049383,119.99123
0.18181819,0.32323232,0.043660853,0.021782717,120.934654
0.1919192,0.32323232,0.0459972,0.02307185,121.41876
0.2020202,0.32323232,0.04834276,0.024361093,122.36647
0.21212122,0.32323232,0.050682075,0.025649367,123.10613
0.22222222,0.32323232,0.053021923,0.026936682,124.10004
0.23232323,0.32323232,0.05536235,0.028222367,125.03769
0.24242425,0.32323232,0.057703085,0.029507589,126.2594
0.25252524,0.32323232,0.06004864,0.030791566,127.319244
0.26262626,0.32323232,0.062394626,0.03207552,128.78069
0.27272728,0.32323232,0.06472534,0.033357363,130.14413
0.28282827,0.32323232,0.06705814,0.034639396,131.37311
0.2929293,0.32323232,0.069402665,0.035921074,132.81442
0.3030303,0.32323232,0.071743295,0.037201803,133.97374
0.3131313,0.32323232,0.07407134,0.038481638,135.3424
0.32323232,0.32323232,0.07641764,0.039761856,136.99643
0.33333334,0.32323232,0.078754105,0.04104171,137.9706
0.34343433,0.32323232,0.08108347,0.042320617,139.31505
0.35353535,0.32323232,0.08341806,0.043599293,140.29033
0.36363637,0.32323232,0.085754715,0.044877756,141.55731
0.37373737,0.32323232,0.08808126,0.046155237,142.62535
0.3838384,0.32323232,0.09042401,0.04743326,144.04878
0.3939394,0.32323232,0.092764184,0.04871119,145.06764
0.4040404,0.32323232,0.095090255,0.049987856,145.93266
0.41414142,0.32323232,0.09741541,0.0512643,146.89304
0.42424244,0.32323232,0.099736266,0.052539904,147.77667
0.43434343,0.32323232,0.102064796,0.053815797,149.00491
0.44444445,0.32323232,0.10438231,0.05509018,150.16533
0.45454547,0.32323232,0.10671205,0.056366537,150.66415
0.46464646,0.32323232,0.10904299,0.057641868,151.93596
0.47474748,0.32323232,0.11135259,0.058915354,153.12918
0.4848485,0.32323232,0.11368909,0.06019156,153.92714
0.4949495,0.32323232,0.11600845,0.06146565,154.72993
0.5050505,0.32323232,0.11833185,0.062740274,156.03304
0.5151515,0.32323232,0.120655,0.064014636,157.00906
0.5252525,0.32323232,0.12298759,0.06528936,158.37923
0.53535354,0.32323232,0.12529956,0.06656257,158.92088
0.54545456,0.32323232,0.12762529,0.06783764,159.882
0.5555556,0.32323232,0.1299537,0.06911198,161.19107
0.56565654,0.32323232,0.1322733,0.070385344,162.34294
0.57575756,0.32323232,0.13460788,0.07165987,163.29735
0.5858586,0.32323232,0.13691399,0.07293165,164.45816
0.5959596,0.32323232,0.13924809,0.074206986,165.45728
0.6060606,0.32323232,0.1415562,0.075479224,166.25374
0.61616164,0.32323232,0.14389817,0.07675415,168.09032
0.6262626,0.32323232,0.14621139,0.07802687,169.11775
0.6363636,0.32323232,0.14854594,0.07930081,169.5782
0.64646465,0.32323232,0.15086254,0.08057362,171.30896
0.65656567,0.32323232,0.15318982,0.08184663,172.44667
0.6666667,0.32323232,0.15551028,0.083120406,173.32211
0.67676765,0.32323232,0.15784661,0.08439442,174.88449
0.68686867,0.32323232,0.16017279,0.085668616,175.00296
0.6969697,0.32323232,0.16249932,0.08694176,176.0818
0.7070707,0.32323232,0.16482101,0.08821505,177.52722
0.7171717,0.32323232,0.16713633,0.08948667,178.58221
0.72727275,0.32323232,0.16947831,0.090760946,179.90694
0.7373737,0.32323232,0.17179304,0.0920329,181.36427
0.74747473,0.32323232,0.17410554,0.09330518,182.40363
0.75757575,0.32323232,0.17645168,0.09458004,182.78435
0.7676768,0.32323232,0.17874774,0.0958501,184.04723
0.7777778,0.32323232,0.18107598,0.097124,185.04709
0.7878788,0.32323232,0.18341869,0.09839821,186.18628
0.7979798,0.32323232,0.18576024,0.09967271,187.36124
0.8080808,0.32323232,0.1880716,0.10094477,188.81038
0.8181818,0.32323232,0.19037037,0.102215186,190.12689
0.82828283,0.32323232,0.19270632,0.103489764,191.78093
0.83838385,0.32323232,0.19505988,0.104765214,192.49171
0.8484849,0.32323232,0.19737771,0.10603772,193.20175
0.85858583,0.32323232,0.19969028,0.10731086,194.21503
0.86868685,0.32323232,0.20203047,0.10858467,196.20955
0.8787879,0.32323232,0.20435555,0.10985964,197.00006
0.8888889,0.32323232,0.20667785,0.111132644,197.57152
0.8989899,0.32323232,0.20900795,0.1124068,199.30302
0.90909094,0.32323232,0.21131292,0.11367821,200.00339
0.9191919,0.32323232,0.21362619,0.114952,200.27682
0.9292929,0.32323232,0.21593769,0.116224915,202.81598
0.93939394,0.32323232,0.21828729,0.117501795,203.08867
0.94949496,0.32323232,0.22061825,0.11877525,204.2614
0.959596,0.32323232,0.22293057,0.120049,205.54811
0.969697,0.32323232,0.22523658,0.1213234,206.83855
0.97979796,0.32323232,0.22755355,0.12259783,206.90411
0.989899,0.32323232,0.22988169,0.12387356,206.84152
1.0,0.32323232,0.23221992,0.12515034,208.19157
0.0,0.33333334,0.0,0.0,0.0
0.01010101,0.33333334,0.0027304154,0.00021490533,100.19735
0.02020202,0.33333334,0.005333132,0.001405458,104.73523
0.030303031,0.33333334,0.007896426,0.002663964,101.68303
0.04040404,0.33333334,0.010472567,0.0038642876,108.116234
0.05050505,0.33333334,0.013080866,0.0051749484,105.850075
0.060606062,0.33333334,0.015700242,0.00648311,105.29915
0.07070707,0.33333334,0.018304335,0.007769593,108.0472
0.08080808,0.33333334,0.020895332,0.0090822205,107.82005
0.09090909,0.33333334,0.02346126,0.01036952,110.48829
0.1010101,0.33333334,0.02600605,0.0116692055,112.34516
0.11111111,0.33333334,0.028535953,0.012982387,113.35351
0.121212125,0.33333334,0.031051764,0.014296949,114.09847
0.13131313,0.33333334,0.03356191,0.015609985,115.24949
0.14141414,0.33333334,0.03606194,0.016921083,116.5729
0.15151516,0.33333334,0.038553,0.018230822,117.84807
0.16161616,0.33333334,0.041039176,0.019541817,119.22009
0.17171717,0.33333334,0.04352169,0.02085363,120.39058
0.18181819,0.33333334,0.04600505,0.022168566,121.05517
0.1919192,0.33333334,0.048477,0.023481172,121.79539
0.2020202,0.33333334,0.050945405,0.024793396,122.60042
0.21212122,0.33333334,0.05342748,0.026107024,123.54888
0.22222222,0.33333334,0.055893052,0.027417522,124.33473
0.23232323,0.33333334,0.05836264,0.028728588,125.21166
0.24242425,0.33333334,0.060839843,0.03003765,126.502106
0.25252524,0.33333334,0.06331492,0.031346597,127.45671
0.26262626,0.33333334,0.065787874,0.032653775,129.18674
0.27272728,0.33333334,0.06825364,0.03396119,130.27303
0.28282827,0.33333334,0.070728615,0.035267625,131.65363
0.2929293,0.33333334,0.07319733,0.03657277,133.24133
0.3030303,0.33333334,0.07567396,0.037878368,134.68787
0.3131313,0.33333334,0.07814591,0.039183278,135.85985
0.32323232,0.33333334,0.080615155,0.040487055,137.10632
0.33333334,0.33333334,0.083081886,0.041790728,138.54541
0.34343433,0.33333334,0.08554237,0.04309326,139.62053
0.35353535,0.33333334,0.08801792,0.044396948,140.94115
0.36363637,0.33333334,0.09047084,0.045698464,142.2491
0.37373737,0.33333334,0.09294224,0.04700123,143.22922
0.3838384,0.33333334,0.09540294,0.048303433,144.05698
0.3939394,0.33333334,0.09785697,0.04960331,145.3165
0.4040404,0.33333334,0.10032056,0.050904684,146.4609
0.41414142,0.33333334,0.10279006,0.05220573,147.55652
0.42424244,0.33333334,0.10525522,0.053506583,148.5534
0.43434343,0.33333334,0.10770816,0.054805968,149.61511
0.44444445,0.33333334,0.11015433,0.056104757,150.37358
0.45454547,0.33333334,0.11260766,0.057404373,151.58095
0.46464646,0.33333334,0.1150582,0.058702927,152.14682
0.47474748,0.33333334,0.11752626,0.060002673,153.71255
0.4848485,0.33333334,0.1199788,0.061301805,154.38943
0.4949495,0.33333334,0.12243357,0.06260033,155.55173
0.5050505,0.33333334,0.12489649,0.063900076,156.68347
0.5151515,0.33333334,0.12735139,0.065197736,158.13037
0.5252525,0.33333334,0.12978911,0.066494964,158.6683
0.53535354,0.33333334,0.132241,0.06779372,159.5877
0.54545456,0.33333334,0.13469361,0.06909164,160.64346
0.5555556,0.33333334,0.13714857,0.070390195,161.40788
0.56565654,0.33333334,0.13961475,0.0716883,162.66107
0.57575756,0.33333334,0.14206392,0.072986096,164.25774
0.5858586,0.33333334,0.14452015,0.07428399,164.98044
0.5959596,0.33333334,0.14697899,0.075582,165.7389
0.6060606,0.33333334,0.14943548,0.07687964,167.39294
0.61616164,0.33333334,0.15188107,0.07817597,168.1678
0.6262626,0.33333334,0.15434812,0.07947491,169.12744
0.6363636,0.33333334,0.15678443,0.08077096,170.47375
0.64646465,0.33333334,0.15924476,0.08206869,171.70459
0.65656567,0.33333334,0.16169944,0.08336629,172.64485
0.6666667,0.33333334,0.16418388,0.0846651,174.37935
0.67676765,0.33333334,0.16662748,0.0859618,174.7042
0.68686867,0.33333334,0.16907208,0.087258555,176.62346
0.6969697,0.33333334,0.17151748,0.0885553,177.35437
0.7070707,0.33333334,0.17397462,0.089852266,177.899
0.7171717,0.33333334,0.17645109,0.091151066,179.06874
0.72727275,0.33333334,0.17892036,0.09244872,181.1616
0.7373737,0.33333334,0.1813568,0.09374444,181.72562
0.74747473,0.33333334,0.1838309,0.09504293,182.18457
0.75757575,0.33333334,0.18626134,0.09633749,183.68661
0.7676768,0.33333334,0.18871985,0.09763471,185.22218
0.7777778,0.33333334,0.1911864,0.098932095,186.64897
0.7878788,0.33333334,0.19363971,0.10022912,187.33144
0.7979798,0.33333334,0.19609867,0.101526916,188.15025
0.8080808,0.33333334,0.19854508,0.10282246,189.89594
0.8181818,0.33333334,0.20099907,0.10411896,191.40094
0.82828283,0.33333334,0.2034685,0.105418265,192.28235
0.83838385,0.33333334,0.20591174,0.1067133,193.06839
0.8484849,0.33333334,0.20838936,0.10801386,193.73521
0.85858583,0.33333334,0.21083614,0.10930967,195.34827
0.86868685,0.33333334,0.21329397,0.110606715,195.9756
0.8787879,0.33333334,0.21574245,0.111903295,198.0938
0.8888889,0.33333334,0.21818982,0.11320024,198.91858
0.8989899,0.33333334,0.22065425,0.11449858,200.03244
0.90909094,0.33333334,0.22313945,0.11579921,201.14108
0.9191919,0.33333334,0.22557814,0.11709643,201.88988
0.9292929,0.33333334,0.22802232,0.118392505,203.32559
0.93939394,0.33333334,0.23046882,0.11969074,204.28226
0.94949496,0.33333334,0.23291127,0.120987825,204.98335
0.959596,0.33333334,0.23538499,0.12228768,206.74095
0.969697,0.33333334,0.23781711,0.123584315,207.36307
0.97979796,0.33333334,0.2402734,0.12488364,208.01425
0.989899,0.33333334,0.24272022,0.12618294,208.3987
1.0,0.33333334,0.24518715,0.12748288,209.637
0.0,0.34343433,0.0,0.0,0.0
0.01010101,0.34343433,0.0028539076,0.0002241787,100.918686
0.02020202,0.34343433,0.0055821333,0.0014424573,104.6248
0.030303031,0.34343433,0.008271852,0.0027153087,102.087135
0.04040404,0.34343433,0.0109766135,0.003939404,108.03561
0.05050505,0.34343433,0.013714051,0.005266836,106.089516
0.060606062,0.34343433,0.016468259,0.006592341,105.61892
0.07070707,0.34343433,0.019205878,0.007899143,108.11417
0.08080808,0.34343433,0.021928648,0.009232224,107.800026
0.09090909,0.34343433,0.024628166,0.010537773,110.621376
0.1010101,0.34343433,0.027306968,0.011856042,112.74144
0.11111111,0.34343433,0.029971829,0.013190911,113.50624
0.121212125,0.34343433,0.03262367,0.014528473,114.23854
0.13131313,0.34343433,0.035274163,0.015863467,115.35678
0.14141414,0.34343433,0.037906475,0.017195327,116.86459
0.15151516,0.34343433,0.040533867,0.01852709,118.33589
0.16161616,0.34343433,0.043149795,0.01986069,119.3827
0.17171717,0.34343433,0.045763228,0.02119552,120.320915
0.18181819,0.34343433,0.04837871,0.022531878,121.3586
0.1919192,0.34343433,0.050989136,0.02386874,122.028404
0.2020202,0.34343433,0.053594377,0.02520471,122.759865
0.21212122,0.34343433,0.05620196,0.02653992,123.889
0.22222222,0.34343433,0.058811862,0.027875097,124.37813
0.23232323,0.34343433,0.061423983,0.029209066,125.371475
0.24242425,0.34343433,0.064029895,0.030541357,126.57084
0.25252524,0.34343433,0.06663329,0.031872842,128.19246
0.26262626,0.34343433,0.06924227,0.033204004,129.2143
0.27272728,0.34343433,0.07184719,0.034533646,130.47903
0.28282827,0.34343433,0.07444953,0.035862397,131.77432
0.2929293,0.34343433,0.07706016,0.03719169,133.52596
0.3030303,0.34343433,0.0796628,0.03851996,134.69681
0.3131313,0.34343433,0.082263544,0.039847385,136.09827
0.32323232,0.34343433,0.08486313,0.041174117,137.21288
0.33333334,0.34343433,0.08746843,0.042500973,138.80655
0.34343433,0.34343433,0.090070255,0.043826956,139.96288
0.35353535,0.34343433,0.092674434,0.04515349,141.22426
0.36363637,0.34343433,0.09527966,0.04647935,142.50912
0.37373737,0.34343433,0.09787503,0.047804374,143.59877
0.3838384,0.34343433,0.10047893,0.049128804,145.02257
0.3939394,0.34343433,0.103071325,0.050453365,146.10999
0.4040404,0.34343433,0.10565802,0.051776674,146.70827
0.41414142,0.34343433,0.1082503,0.05309992,147.97263
0.42424244,0.34343433,0.11083961,0.05442298,148.67038
0.43434343,0.34343433,0.11344029,0.05574642,150.05096
0.44444445,0.34343433,0.11603722,0.057069793,150.98267
0.45454547,0.34343433,0.1186237,0.058392245,151.89127
0.46464646,0.34343433,0.12119933,0.05971346,152.62402
0.47474748,0.34343433,0.12378927,0.061034724,154.57123
0.4848485,0.34343433,0.12637453,0.06235715,154.83797
0.4949495,0.34343433,0.1289732,0.063679494,155.84827
0.5050505,0.34343433,0.13155684,0.06500039,157.68855
0.5151515,0.34343433,0.13414583,0.06632182,158.64745
0.5252525,0.34343433,0.13673191,0.06764327,159.12206
0.53535354,0.34343433,0.1393107,0.06896372,160.30371
0.54545456,0.34343433,0.1419042,0.07028521,161.57776
0.5555556,0.34343433,0.14449994,0.071606666,162.83095
0.56565654,0.34343433,0.14707343,0.07292689,164.21452
0.57575756,0.34343433,0.14966783,0.07424739,164.76735
0.5858586,0.34343433,0.15225713,0.07556956,165.4774
0.5959596,0.34343433,0.15484047,0.076889,167.1046
0.6060606,0.34343433,0.15742731,0.078210026,167.82805
0.61616164,0.34343433,0.16002178,0.07953065,169.06857
0.6262626,0.34343433,0.1626155,0.08085132,170.19212
0.6363636,0.34343433,0.16519184,0.08217061,171.22478
0.64646465,0.34343433,0.16778484,0.08349116,173.21184
0.65656567,0.34343433,0.17037666,0.08481138,174.16551
0.6666667,0.34343433,0.17295477,0.086130954,174.63118
0.67676765,0.34343433,0.17556487,0.087453425,175.8717
0.68686867,0.34343433,0.17812146,0.08877056,177.34393
0.6969697,0.34343433,0.18074547,0.090093315,178.3818
0.7070707,0.34343433,0.18333605,0.09141318,180.02988
0.7171717,0.34343433,0.18590975,0.09273169,180.52533
0.72727275,0.34343433,0.18849108,0.094050296,181.77629
0.7373737,0.34343433,0.19107826,0.09537041,182.65321
0.74747473,0.34343433,0.1936792,0.09669128,183.63074
0.75757575,0.34343433,0.19627857,0.0980124,184.75502
0.7676768,0.34343433,0.19886968,0.0993321,185.99927
0.7777778,0.34343433,0.20144588,0.10064982,187.52367
0.7878788,0.34343433,0.20404679,0.10197154,188.15472
0.7979798,0.34343433,0.20664333,0.103291616,188.94226
0.8080808,0.34343433,0.2092308,0.10461102,190.6015
0.8181818,0.34343433,0.21180816,0.10593031,191.49557
0.82828283,0.34343433,0.2143863,0.10724861,192.73236
0.83838385,0.34343433,0.21698157,0.108568385,194.5056
0.8484849,0.34343433,0.21959102,0.109889984,195.61649
0.85858583,0.34343433,0.2221673,0.111208424,197.39642
0.86868685,0.34343433,0.22473487,0.11252816,198.55127
0.8787879,0.34343433,0.2273496,0.11384961,199.65842
0.8888889,0.34343433,0.22994308,0.11517021,200.14494
0.8989899,0.34343433,0.23252068,0.11649046,201.09415
0.90909094,0.34343433,0.2351261,0.117812246,202.34286
0.9191919,0.34343433,0.23770949,0.11913245,202.91284
0.9292929,0.34343433,0.24029092,0.120453306,203.27046
0.93939394,0.34343433,0.24287814,0.12177369,205.67403
0.94949496,0.34343433,0.24544239,0.12309353,205.94
0.959596,0.34343433,0.24804142,0.124414906,208.10365
0.969697,0.34343433,0.250618,0.12573643,207.89803
0.97979796,0.34343433,0.25319874,0.12705609,209.41496
0.989899,0.34343433,0.25578266,0.12837718,210.35075
1.0,0.34343433,0.2583697,0.12970024,210.61153
0.0,0.35353535,0.0,0.0,0.0
0.01010101,0.35353535,0.002980308,0.00022674631,102.18084
0.02020202,0.35353535,0.0058359234,0.0014732133,104.946365
0.030303031,0.35353535,0.008650751,0.0027686246,102.01298
0.04040404,0.35353535,0.011486149,0.0040074782,108.13219
0.05050505,0.35353535,0.014358445,0.0053554513,106.20854
0.060606062,0.35353535,0.017245643,0.006694511,105.94618
0.07070707,0.35353535,0.020116542,0.008022031,108.232445
0.08080808,0.35353535,0.022979092,0.009373359,107.77516
0.09090909,0.35353535,0.025812205,0.010696213,110.783424
0.1010101,0.35353535,0.028626958,0.0120345475,112.9223
0.11111111,0.35353535,0.031431515,0.013390254,113.50727
0.121212125,0.35353535,0.03422068,0.01474646,114.49261
0.13131313,0.35353535,0.037001114,0.016102806,115.52144
0.14141414,0.35353535,0.039773773,0.017454663,117.022545
0.15151516,0.35353535,0.04253616,0.018808095,118.39401
0.16161616,0.35353535,0.04529402,0.020161845,119.879845
0.17171717,0.35353535,0.048046883,0.02151887,120.65228
0.18181819,0.35353535,0.050795663,0.022876272,121.60968
0.1919192,0.35353535,0.053545058,0.024234595,122.35958
0.2020202,0.35353535,0.05629652,0.025593713,123.200195
0.21212122,0.35353535,0.059034985,0.026950581,124.21068
0.22222222,0.35353535,0.06177767,0.02830666,124.868195
0.23232323,0.35353535,0.06452587,0.029663052,125.82708
0.24242425,0.35353535,0.06726407,0.031017348,126.94448
0.25252524,0.35353535,0.07000318,0.032370917,127.97601
0.26262626,0.35353535,0.07275207,0.033723805,129.33351
0.27272728,0.35353535,0.07549058,0.035075285,130.65599
0.28282827,0.35353535,0.078231886,0.036426205,132.18149
0.2929293,0.35353535,0.0809818,0.037777875,133.59264
0.3030303,0.35353535,0.083723485,0.039128117,135.02538
0.3131313,0.35353535,0.08645895,0.040476512,136.61757
0.32323232,0.35353535,0.089207396,0.041826747,137.72435
0.33333334,0.35353535,0.09194503,0.043174848,138.94066
0.34343433,0.35353535,0.09468365,0.044523153,140.28326
0.35353535,0.35353535,0.09741972,0.04587012,141.68173
0.36363637,0.35353535,0.100154206,0.047217414,143.10255
0.37373737,0.35353535,0.10289029,0.04856455,144.0011
0.3838384,0.35353535,0.10562376,0.049911294,144.82811
0.3939394,0.35353535,0.10835227,0.05125715,146.31413
0.4040404,0.35353535,0.11108773,0.052602656,147.20485
0.41414142,0.35353535,0.11381195,0.053948227,148.06651
0.42424244,0.35353535,0.1165382,0.055292197,149.52422
0.43434343,0.35353535,0.119271696,0.056638036,150.46931
0.44444445,0.35353535,0.12199133,0.057982087,151.44945
0.45454547,0.35353535,0.12472021,0.059326366,152.8155
0.46464646,0.35353535,0.12744164,0.06066979,154.11154
0.47474748,0.35353535,0.13015576,0.062012307,154.79326
0.4848485,0.35353535,0.13289203,0.06335739,156.20963
0.4949495,0.35353535,0.13561173,0.06470032,157.03067
0.5050505,0.35353535,0.13833708,0.06604405,157.94337
0.5151515,0.35353535,0.14104694,0.06738615,158.70482
0.5252525,0.35353535,0.14375861,0.068729,159.91107
0.53535354,0.35353535,0.14649332,0.07007366,160.99586
0.54545456,0.35353535,0.14922853,0.071416445,162.1075
0.5555556,0.35353535,0.15192811,0.072757185,163.41656
0.56565654,0.35353535,0.1546672,0.07410172,164.53712
0.57575756,0.35353535,0.15738559,0.07544358,165.71507
0.5858586,0.35353535,0.1601153,0.07678559,167.37581
0.5959596,0.35353535,0.16284901,0.078128986,167.92044
0.6060606,0.35353535,0.1655549,0.079470284,169.21907
0.61616164,0.35353535,0.16827634,0.08081258,169.7503
0.6262626,0.35353535,0.17100964,0.08215534,171.09215
0.6363636,0.35353535,0.17374496,0.08349822,171.91396
0.64646465,0.35353535,0.17645976,0.08483897,173.67601
0.65656567,0.35353535,0.17918086,0.08618157,173.7386
0.6666667,0.35353535,0.1819138,0.08752443,174.63043
0.67676765,0.35353535,0.18464237,0.08886581,176.0751
0.68686867,0.35353535,0.18736431,0.090207964,177.66356
0.6969697,0.35353535,0.19009037,0.09154866,178.79158
0.7070707,0.35353535,0.19280635,0.092889264,179.93748
0.7171717,0.35353535,0.19552512,0.094230525,181.5714
0.72727275,0.35353535,0.19826818,0.09557336,182.04823
0.7373737,0.35353535,0.201004,0.09691574,183.83563
0.74747473,0.35353535,0.20371959,0.09825689,184.92639
0.75757575,0.35353535,0.2064454,0.099597484,186.6743
0.7676768,0.35353535,0.20915489,0.10093783,186.94102
0.7777778,0.35353535,0.21190275,0.10228096,188.06383
0.7878788,0.35353535,0.21463214,0.10362253,189.27455
0.7979798,0.35353535,0.21734844,0.10496306,189.90636
0.8080808,0.35353535,0.2200695,0.10630505,191.3555
0.8181818,0.35353535,0.22279845,0.10764641,192.72714
0.82828283,0.35353535,0.22553337,0.10898828,193.8112
0.83838385,0.35353535,0.22825469,0.110329226,195.20297
0.8484849,0.35353535,0.23097797,0.11167027,195.81989
0.85858583,0.35353535,0.2336901,0.11301185,197.64378
0.86868685,0.35353535,0.23643155,0.114354104,198.21451
0.8787879,0.35353535,0.23912936,0.11569362,199.2628
0.8888889,0.35353535,0.24186794,0.117036425,201.12395
0.8989899,0.35353535,0.24459189,0.118378624,201.89435
0.90909094,0.35353535,0.24733241,0.11972234,203.91568
0.9191919,0.35353535,0.25004065,0.121063255,203.73761
0.9292929,0.35353535,0.25277415,0.12240676,205.41772
0.93939394,0.35353535,0.2554947,0.12374781,206.1069
0.94949496,0.35353535,0.25820416,0.12508897,207.21405
0.959596,0.35353535,0.26091453,0.12643287,208.23776
0.969697,0.35353535,0.26364547,0.12777588,208.33313
0.97979796,0.35353535,0.266364,0.12911801,210.13617
0.989899,0.35353535,0.269083,0.1304611,209.96332
1.0,0.35353535,0.2717874,0.13180381,211.5354
0.0,0.36363637,0.0,0.0,0.0
0.01010101,0.36363637,0.0031066495,0.00023476583,102.7639
0.02020202,0.36363637,0.0060919803,0.0015039657,105.01378
0.030303031,0.36363637,0.009037073,0.0028144908,102.435684
0.04040404,0.36363637,0.012003602,0.004074211,108.070114
0.05050505,0.36363637,0.015010289,0.0054399488,106.2959
0.060606062,0.36363637,0.01803433,0.0067915316,106.370964
0.07070707,0.36363637,0.021045258,0.008140894,108.04897
0.08080808,0.36363637,0.024039954,0.009505938,107.90583
0.09090909,0.36363637,0.027011575,0.0108462125,110.98478
0.1010101,0.36363637,0.029963775,0.012201808,113.09059
0.11111111,0.36363637,0.03290717,0.013576723,113.689995
0.121212125,0.36363637,0.035835627,0.014953154,114.359985
0.13131313,0.36363637,0.038756557,0.016327763,115.55553
0.14141414,0.36363637,0.041665494,0.017699558,117.139145
0.15151516,0.36363637,0.04456747,0.019071419,118.649
0.16161616,0.36363637,0.047466673,0.020446094,120.02737
0.17171717,0.36363637,0.05035855,0.021822544,120.9924
0.18181819,0.36363637,0.05324754,0.023200417,121.847916
0.1919192,0.36363637,0.05612535,0.024579128,122.41043
0.2020202,0.36363637,0.05901519,0.025958098,123.35591
0.21212122,0.36363637,0.06190232,0.02733644,124.426
0.22222222,0.36363637,0.06478505,0.028714377,125.08594
0.23232323,0.36363637,0.06767095,0.030090999,125.98485
0.24242425,0.36363637,0.070558265,0.031466506,127.18029
0.25252524,0.36363637,0.07343108,0.032840256,128.39064
0.26262626,0.36363637,0.07632073,0.034214363,129.89603
0.27272728,0.36363637,0.07919969,0.03558668,130.99461
0.28282827,0.36363637,0.0820801,0.036958523,132.35286
0.2929293,0.36363637,0.084961906,0.038329575,133.7599
0.3030303,0.36363637,0.087845504,0.039700873,135.39978
0.3131313,0.36363637,0.09071241,0.04106987,136.63843
0.32323232,0.36363637,0.093598895,0.042440172,138.08534
0.33333334,0.36363637,0.09647843,0.043809295,139.22006
0.34343433,0.36363637,0.09935093,0.04517775,140.12828
0.35353535,0.36363637,0.10223063,0.04654646,141.80951
0.36363637,0.36363637,0.105099484,0.04791407,142.9703
0.37373737,0.36363637,0.107975386,0.049281575,144.28534
0.3838384,0.36363637,0.11084267,0.05064842,145.09038
0.3939394,0.36363637,0.11371921,0.052015055,146.72577
0.4040404,0.36363637,0.11659207,0.053381745,147.4645
0.41414142,0.36363637,0.11945229,0.054748032,148.76761
0.42424244,0.36363637,0.12231188,0.056112792,149.75517
0.43434343,0.36363637,0.12518111,0.057478756,150.83961
0.44444445,0.36363637,0.1280475,0.058843512,152.04437
0.45454547,0.36363637,0.13091226,0.06020822,152.73691
0.46464646,0.36363637,0.13377176,0.061573196,153.81017
0.47474748,0.36363637,0.13662423,0.06293702,154.82083
0.4848485,0.36363637,0.13949877,0.06430151,156.65591
0.4949495,0.36363637,0.14235069,0.0656648,157.42705
0.5050505,0.36363637,0.14521976,0.067029476,158.84042
0.5151515,0.36363637,0.14806494,0.06839292,159.3411
0.5252525,0.36363637,0.15094215,0.06975791,160.5682
0.53535354,0.36363637,0.15379803,0.071120165,162.27663
0.54545456,0.36363637,0.15665656,0.07248428,162.84286
0.5555556,0.36363637,0.15951753,0.07384747,163.69969
0.56565654,0.36363637,0.16235857,0.07520952,165.39395
0.57575756,0.36363637,0.16523658,0.076573536,166.58307
0.5858586,0.36363637,0.16808894,0.07793608,167.3989
0.5959596,0.36363637,0.17095092,0.0792992,168.00314
0.6060606,0.36363637,0.17382874,0.08066247,169.34798
0.61616164,0.36363637,0.17669395,0.082025215,171.01764
0.6262626,0.36363637,0.17954998,0.08338773,171.8685
0.6363636,0.36363637,0.18240802,0.0847498,173.52254
0.64646465,0.36363637,0.18528388,0.08611275,174.26088
0.65656567,0.36363637,0.18813653,0.08747548,175.60646
0.6666667,0.36363637,0.19100234,0.088839374,175.78304
0.67676765,0.36363637,0.19385113,0.090200156,176.86859
0.68686867,0.36363637,0.1967258,0.091562204,178.32666
0.6969697,0.36363637,0.19960323,0.092925616,179.19391
0.7070707,0.36363637,0.20246562,0.09428791,180.82037
0.7171717,0.36363637,0.20531003,0.09564886,181.54607
0.72727275,0.36363637,0.20818512,0.09701135,183.34538
0.7373737,0.36363637,0.21103786,0.09837194,183.96825
0.74747473,0.36363637,0.21390373,0.099734105,185.41068
0.75757575,0.36363637,0.21676944,0.101095654,187.38359
0.7676768,0.36363637,0.21962921,0.102457725,187.58774
0.7777778,0.36363637,0.2225178,0.103821665,189.57555
0.7878788,0.36363637,0.22537622,0.1051817,190.44801
0.7979798,0.36363637,0.22820932,0.10654096,192.09534
0.8080808,0.36363637,0.23108539,0.10790448,193.09222
0.8181818,0.36363637,0.23392634,0.109265044,192.60497
0.82828283,0.36363637,0.23682262,0.11062963,194.60097
0.83838385,0.36363637,0.23967412,0.111990035,196.83466
0.8484849,0.36363637,0.24252324,0.113352254,197.08871
0.85858583,0.36363637,0.24539304,0.114712566,198.53786
0.86868685,0.36363637,0.24828278,0.11607749,199.84543
0.8787879,0.36363637,0.25114122,0.117438324,200.27011
0.8888889,0.36363637,0.25396916,0.11879947,201.30276
0.8989899,0.36363637,0.25686076,0.12016314,203.04323
0.90909094,0.36363637,0.25969964,0.121522956,203.80914
0.9191919,0.36363637,0.26256567,0.1228866,204.86041
0.9292929,0.36363637,0.2654206,0.124248676,205.91692
0.93939394,0.36363637,0.2682931,0.12561199,208.0232
0.94949496,0.36363637,0.27115247,0.12697501,209.10501
0.959596,0.36363637,0.27399084,0.12833643,208.89938
0.969697,0.36363637,0.27686894,0.12970175,209.47456
0.97979796,0.36363637,0.2796985,0.13106221,211.3089
0.989899,0.36363637,0.28255624,0.13242538,211.744
1.0,0.36363637,0.28544345,0.13379262,212.2879
0.0,0.37373737,0.0,0.0,0.0
0.01010101,0.37373737,0.0032350235,0.00023859683,103.611465
0.02020202,0.37373737,0.006351752,0.0015315064,105.207016
0.030303031,0.37373737,0.009426786,0.002858355,102.73762
0.04040404,0.37373737,0.012528244,0.00413646,108.14136
0.05050505,0.37373737,0.015672566,0.0055186125,106.51699
0.060606062,0.37373737,0.01883118,0.0068834773,106.61935
0.07070707,0.37373737,0.021983625,0.008251497,108.006226
0.08080808,0.37373737,0.025119051,0.0096308235,108.06983
0.09090909,0.37373737,0.02822866,0.010986859,111.14897
0.1010101,0.37373737,0.03132045,0.012361017,113.02409
0.11111111,0.37373737,0.03440059,0.013753281,113.636345
0.121212125,0.37373737,0.03747381,0.015147935,114.422195
0.13131313,0.37373737,0.040531434,0.016538877,115.60824
0.14141414,0.37373737,0.043580405,0.017929023,117.156654
0.15151516,0.37373737,0.04662669,0.019319285,118.71904
0.16161616,0.37373737,0.049664155,0.020712145,120.18774
0.17171717,0.37373737,0.052702654,0.0221079,121.08907
0.18181819,0.37373737,0.05573052,0.023505067,121.95148
0.1919192,0.37373737,0.058756225,0.024903027,122.83027
0.2020202,0.37373737,0.061785854,0.02630144,123.655235
0.21212122,0.37373737,0.064813,0.027699592,124.3148
0.22222222,0.37373737,0.067831755,0.029096182,125.18633
0.23232323,0.37373737,0.070857696,0.030492278,126.20408
0.24242425,0.37373737,0.07387739,0.03188677,127.26002
0.25252524,0.37373737,0.07690418,0.03328111,128.62198
0.26262626,0.37373737,0.07991783,0.034672905,130.21454
0.27272728,0.37373737,0.08294536,0.036065437,131.31537
0.28282827,0.37373737,0.08597718,0.037457775,132.55962
0.2929293,0.37373737,0.08899204,0.03884795,134.0855
0.3030303,0.37373737,0.0920197,0.040238712,135.554
0.3131313,0.37373737,0.09503654,0.04162768,136.95135
0.32323232,0.37373737,0.09805511,0.043016147,138.23993
0.33333334,0.37373737,0.10107487,0.04440546,139.44954
0.34343433,0.37373737,0.10408766,0.045793224,140.94487
0.35353535,0.37373737,0.10711078,0.047181387,142.25319
0.36363637,0.37373737,0.11011006,0.048567865,143.16998
0.37373737,0.37373737,0.11312727,0.049954694,144.40901
0.3838384,0.37373737,0.11614855,0.051341508,145.51915
0.3939394,0.37373737,0.11915487,0.052727852,146.7131
0.4040404,0.37373737,0.122165695,0.054113586,147.97821
0.41414142,0.37373737,0.12517165,0.055499062,149.08351
0.42424244,0.37373737,0.1281806,0.056884322,150.24394
0.43434343,0.37373737,0.13118273,0.058268797,151.15105
0.44444445,0.37373737,0.13419127,0.059654243,152.27124
0.45454547,0.37373737,0.13718154,0.061036907,153.38287
0.46464646,0.37373737,0.14018525,0.06242104,154.7113
0.47474748,0.37373737,0.14319323,0.063805096,155.68658
0.4848485,0.37373737,0.14618818,0.06518841,156.84738
0.4949495,0.37373737,0.14918129,0.06657078,157.96423
0.5050505,0.37373737,0.15219153,0.06795608,159.49384
0.5151515,0.37373737,0.15518612,0.06933907,159.86487
0.5252525,0.37373737,0.1581995,0.07072235,161.0674
0.53535354,0.37373737,0.16118093,0.072103985,163.22733
0.54545456,0.37373737,0.16418825,0.07348703,163.3145
0.5555556,0.37373737,0.16719423,0.074870914,164.65262
0.56565654,0.37373737,0.17018768,0.07625238,165.89687
0.57575756,0.37373737,0.17319906,0.07763575,167.13292
0.5858586,0.37373737,0.17618652,0.07901735,168.57088
0.5959596,0.37373737,0.17920536,0.08040096,169.22131
0.6060606,0.37373737,0.18220182,0.08178298,169.94551
0.61616164,0.37373737,0.18520668,0.08316479,171.5526
0.6262626,0.37373737,0.1882088,0.08454693,172.62325
0.6363636,0.37373737,0.19120365,0.08592841,173.5352
0.64646465,0.37373737,0.19420803,0.08731067,174.35849
0.65656567,0.37373737,0.19721301,0.088693075,175.4716
0.6666667,0.37373737,0.20019197,0.09007297,176.55342
0.67676765,0.37373737,0.20322901,0.09145678,178.56136
0.68686867,0.37373737,0.20623524,0.092838705,179.30121
0.6969697,0.37373737,0.20922679,0.094218776,180.16399
0.7070707,0.37373737,0.21223554,0.09560116,180.91351
0.7171717,0.37373737,0.21522899,0.09698115,182.10858
0.72727275,0.37373737,0.21823277,0.09836307,183.9064
0.7373737,0.37373737,0.22123283,0.099743456,184.99718
0.74747473,0.37373737,0.22424911,0.10112559,186.67802
0.75757575,0.37373737,0.22723942,0.102504656,186.96115
0.7676768,0.37373737,0.23026215,0.103887536,189.31032
0.7777778,0.37373737,0.2332454,0.105267204,189.76703
0.7878788,0.37373737,0.23624508,0.10664783,190.61714
0.7979798,0.37373737,0.23925442,0.10802914,191.56337
0.8080808,0.37373737,0.24224114,0.10940844,193.9036
0.8181818,0.37373737,0.24527745,0.11079121,194.98244
0.82828283,0.37373737,0.24826524,0.1121717,194.95561
0.83838385,0.37373737,0.25128233,0.113552876,197.39941
0.8484849,0.37373737,0.25427252,0.11493392,197.9418
0.85858583,0.37373737,0.25726497,0.116313465,198.98936
0.86868685,0.37373737,0.26028085,0.11769638,200.51375
0.8787879,0.37373737,0.26330298,0.11908001,200.84604
0.8888889,0.37373737,0.26625663,0.12045708,202.27655
0.8989899,0.37373737,0.26927003,0.12183955,203.5521
0.90909094,0.37373737,0.2722783,0.1232215,204.4648
0.9191919,0.37373737,0.27528068,0.124603175,205.15546
0.9292929,0.37373737,0.27827504,0.12598452,207.31836
0.93939394,0.37373737,0.28127524,0.12736537,208.78017
0.94949496,0.37373737,0.2842756,0.12874846,209.17505
0.959596,0.37373737,0.28726304,0.13012926,209.59079
0.969697,0.37373737,0.29026073,0.1315119,210.0721
0.97979796,0.37373737,0.29327202,0.13289593,212.07631
0.989899,0.37373737,0.2962775,0.1342795,212.16571
1.0,0.37373737,0.29924017,0.1356581,214.44559
0.0,0.3838384,0.0,0.0,0.0
0.01010101,0.3838384,0.003363833,0.0002461527,103.967705
0.02020202,0.3838384,0.006613234,0.0015620341,104.829025
0.030303031,0.3838384,0.009820766,0.0028965056,103.23653
0.04040404,0.3838384,0.013057922,0.004196341,108.0385
0.05050505,0.3838384,0.016341247,0.0055925925,106.70861
0.060606062,0.3838384,0.01963819,0.006968114,106.99662
0.07070707,0.3838384,0.022928275,0.008354898,107.95035
0.08080808,0.3838384,0.026203305,0.009746976,108.19947
0.09090909,0.3838384,0.029456746,0.011118081,111.27097
0.1010101,0.3838384,0.032688215,0.012508952,113.049805
0.11111111,0.3838384,0.035913568,0.013917332,113.50736
0.121212125,0.3838384,0.03912499,0.015328413,114.36641
0.13131313,0.3838384,0.04233039,0.016735785,115.655174
0.14141414,0.3838384,0.04552383,0.018142225,117.29598
0.15151516,0.3838384,0.048708785,0.019549541,118.838806
0.16161616,0.3838384,0.051889017,0.020960012,120.27566
0.17171717,0.3838384,0.05507061,0.022373544,121.31873
0.18181819,0.3838384,0.058243975,0.023788895,122.283775
0.1919192,0.3838384,0.061414797,0.025204953,123.0726
0.2020202,0.3838384,0.06458238,0.026621232,123.90465
0.21212122,0.3838384,0.06774663,0.028037209,124.96412
0.22222222,0.3838384,0.07091876,0.029452648,125.516205
0.23232323,0.3838384,0.07408371,0.03086733,126.30969
0.24242425,0.3838384,0.077245526,0.032279354,127.662346
0.25252524,0.3838384,0.08041052,0.03369133,129.03027
0.26262626,0.3838384,0.08358398,0.035103142,130.09087
0.27272728,0.3838384,0.08674501,0.03651328,131.20808
0.28282827,0.3838384,0.08991817,0.03792376,133.00143
0.2929293,0.3838384,0.09307039,0.03933157,134.27623
0.3030303,0.3838384,0.09624282,0.040740617,135.84457
0.3131313,0.3838384,0.09941084,0.04214898,137.08063
0.32323232,0.3838384,0.102567285,0.04355539,138.49101
0.33333334,0.3838384,0.105728135,0.044962045,139.84143
0.34343433,0.3838384,0.10888554,0.04636863,141.08904
0.35353535,0.3838384,0.11204492,0.047774523,142.38768
0.36363637,0.3838384,0.115201145,0.04917988,143.62447
0.37373737,0.3838384,0.1183533,0.050584037,145.31985
0.3838384,0.3838384,0.12150749,0.0519896,145.9293
0.3939394,0.3838384,0.12466823,0.05339398,147.24954
0.4040404,0.3838384,0.12782508,0.054798514,148.56235
0.41414142,0.3838384,0.1309676,0.056201205,149.54321
0.42424244,0.3838384,0.13410833,0.057604033,150.6716
0.43434343,0.3838384,0.13724974,0.05900739,151.39616
0.44444445,0.3838384,0.14038688,0.060409483,152.91684
0.45454547,0.3838384,0.1435493,0.061813176,154.06981
0.46464646,0.3838384,0.14668341,0.06321401,155.57855
0.47474748,0.3838384,0.14983176,0.06461716,156.27518
0.4848485,0.3838384,0.15296502,0.06601844,157.44641
0.4949495,0.3838384,0.15611856,0.06742071,158.17508
0.5050505,0.3838384,0.1592648,0.0688231,159.3113
0.5151515,0.3838384,0.16239856,0.0702238,160.788
0.5252525,0.3838384,0.16555017,0.07162538,162.15443
0.53535354,0.3838384,0.16869417,0.073027074,162.6782
0.54545456,0.3838384,0.17182401,0.074427694,163.7049
0.5555556,0.3838384,0.17497438,0.07582835,164.88507
0.56565654,0.3838384,0.17810974,0.07722917,166.04439
0.57575756,0.3838384,0.18125045,0.078629546,167.96887
0.5858586,0.3838384,0.18439472,0.08002973,169.28613
0.5959596,0.3838384,0.18752794,0.08142961,169.84045
0.6060606,0.3838384,0.19070622,0.08283332,170.89993
0.61616164,0.3838384,0.19384101,0.08423176,172.21495
0.6262626,0.3838384,0.19697547,0.08563202,173.18056
0.6363636,0.3838384,0.20012787,0.08703255,173.75946
0.64646465,0.3838384,0.20326495,0.0884328,174.5537
0.65656567,0.3838384,0.20641044,0.089832656,176.40964
0.6666667,0.3838384,0.20956595,0.09123397,177.64569
0.67676765,0.3838384,0.21270277,0.09263171,178.83257
0.68686867,0.3838384,0.21583314,0.094030194,179.77133
0.6969697,0.3838384,0.21899307,0.09543094,181.0722
0.7070707,0.3838384,0.2221297,0.096829355,182.46994
0.7171717,0.3838384,0.22527817,0.09823022,183.47055
0.72727275,0.3838384,0.2283995,0.099627696,183.554
0.7373737,0.3838384,0.23156972,0.10102845,185.22218
0.74747473,0.3838384,0.23471478,0.102427095,187.31207
0.75757575,0.3838384,0.23786314,0.10382649,187.50354
0.7676768,0.3838384,0.24100605,0.10522483,189.06296
0.7777778,0.3838384,0.24415295,0.1066241,190.08815
0.7878788,0.3838384,0.24728598,0.1080228,191.34283
0.7979798,0.3838384,0.2504353,0.1094213,191.85617
0.8080808,0.3838384,0.25358006,0.11081908,194.41248
0.8181818,0.3838384,0.25671947,0.11221841,194.50262
0.82828283,0.3838384,0.25988212,0.11361759,197.00601
0.83838385,0.3838384,0.26300347,0.11501636,196.31758
0.8484849,0.3838384,0.266143,0.116414554,199.005
0.85858583,0.3838384,0.26928848,0.11781363,199.68674
0.86868685,0.3838384,0.27245212,0.11921312,201.01666
0.8787879,0.3838384,0.27556255,0.120610036,202.69975
0.8888889,0.3838384,0.27870572,0.12201018,203.19522
0.8989899,0.3838384,0.2818548,0.12341024,204.76431
0.90909094,0.3838384,0.285011,0.12481075,204.57133
0.9191919,0.3838384,0.2881471,0.12620999,205.71947
0.9292929,0.3838384,0.29128125,0.12760803,206.95776
0.93939394,0.3838384,0.2944475,0.12900862,208.73547
0.94949496,0.3838384,0.29757708,0.13040853,209.1527
0.959596,0.3838384,0.3007003,0.13180715,210.53404
0.969697,0.3838384,0.30385008,0.13320874,210.76799
0.97979796,0.3838384,0.30697015,0.13460758,210.9602
0.989899,0.3838384,0.31011206,0.13600774,213.04787
1.0,0.3838384,0.31323397,0.13740681,215.05356
0.0,0.3939394,0.0,0.0,0.0
0.01010101,0.3939394,0.0034939018,0.00025381907,104.19389
0.02020202,0.3939394,0.006878964,0.0015829075,105.24809
0.030303031,0.3939394,0.01021935,0.0029359048,103.3738
0.04040404,0.3939394,0.013593159,0.004251828,107.95677
0.05050505,0.3939394,0.017015828,0.0056627668,106.71737
0.060606062,0.3939394,0.02045603,0.0070481077,107.26489
0.07070707,0.3939394,0.023885744,0.00845044,108.06164
0.08080808,0.3939394,0.027303213,0.009855117,108.33554
0.09090909,0.3939394,0.030695694,0.011240253,111.346695
0.1010101,0.3939394,0.034077764,0.012647846,112.984146
0.11111111,0.3939394,0.03744429,0.014070543,113.75323
0.121212125,0.3939394,0.040803142,0.015497923,114.262665
0.13131313,0.3939394,0.044145815,0.01691885,115.69988
0.14141414,0.3939394,0.047482863,0.018341206,117.36415
0.15151516,0.3939394,0.050815687,0.019764287,118.885376
0.16161616,0.3939394,0.054139055,0.021190006,120.5219
0.17171717,0.3939394,0.057460796,0.022619946,121.31948
0.18181819,0.3939394,0.060783513,0.0240517,122.332016
0.1919192,0.3939394,0.06408922,0.02548465,123.25756
0.2020202,0.3939394,0.067415096,0.026919069,123.99685
0.21212122,0.3939394,0.070719086,0.028351344,124.91774
0.22222222,0.3939394,0.074030094,0.029783659,125.47095
0.23232323,0.3939394,0.07734485,0.031214217,126.67794
0.24242425,0.3939394,0.0806563,0.032645177,127.56549
0.25252524,0.3939394,0.083968826,0.034073796,128.92746
0.26262626,0.3939394,0.0872714,0.035501245,130.37398
0.27272728,0.3939394,0.09058937,0.03692919,131.73633
0.28282827,0.3939394,0.093896136,0.038355812,132.82187
0.2929293,0.3939394,0.09720825,0.039782036,134.21103
0.3030303,0.3939394,0.10051542,0.041206837,135.88928
0.3131313,0.3939394,0.10382622,0.042631797,137.14767
0.32323232,0.3939394,0.10713465,0.04405614,138.45265
0.33333334,0.3939394,0.11044,0.045480065,139.73303
0.34343433,0.3939394,0.113738954,0.046902865,141.19298
0.35353535,0.3939394,0.11704137,0.048325736,142.63466
0.36363637,0.3939394,0.1203425,0.049747944,143.83458
0.37373737,0.3939394,0.12363415,0.051169973,144.93428
0.3838384,0.3939394,0.12694754,0.052591726,146.06975
0.3939394,0.3939394,0.13024087,0.05401318,147.51181
0.4040404,0.3939394,0.13352647,0.05543402,148.64095
0.41414142,0.3939394,0.13681953,0.056854546,149.56891
0.42424244,0.3939394,0.14011295,0.058275238,150.41158
0.43434343,0.3939394,0.14340581,0.059694707,151.90616
0.44444445,0.3939394,0.14669903,0.06111448,153.61272
0.45454547,0.3939394,0.14998442,0.06253381,154.72993
0.46464646,0.3939394,0.15328464,0.06395388,155.57632
0.47474748,0.3939394,0.15655626,0.065371595,156.8228
0.4848485,0.3939394,0.1598447,0.06679129,157.95007
0.4949495,0.3939394,0.16311723,0.06820964,159.05797
0.5050505,0.3939394,0.16642182,0.06962971,160.46017
0.5151515,0.3939394,0.16970757,0.07104814,161.29315
0.5252525,0.3939394,0.17299446,0.072466075,162.49716
0.53535354,0.3939394,0.17627726,0.07388411,163.66615
0.54545456,0.3939394,0.179569,0.07530285,164.5118
0.5555556,0.3939394,0.18284889,0.07672042,165.7091
0.56565654,0.3939394,0.18613535,0.078137755,167.38326
0.57575756,0.3939394,0.18943377,0.0795564,168.84282
0.5858586,0.3939394,0.1927094,0.0809732,169.21759
0.5959596,0.3939394,0.1959972,0.08239095,170.51697
0.6060606,0.3939394,0.19927494,0.08380755,172.0041
0.61616164,0.3939394,0.20255443,0.085224226,172.3662
0.6262626,0.3939394,0.20584795,0.08664159,174.23332
0.6363636,0.3939394,0.20913394,0.08805938,174.8383
0.64646465,0.3939394,0.21244246,0.0894778,176.43571
0.65656567,0.3939394,0.21572128,0.09089411,176.47893
0.6666667,0.3939394,0.21899675,0.09231009,178.10315
0.67676765,0.3939394,0.22228748,0.09372664,179.55602
0.68686867,0.3939394,0.22558235,0.09514265,180.50745
0.6969697,0.3939394,0.22887014,0.09655865,181.74872
0.7070707,0.3939394,0.23214419,0.09797576,182.36563
0.7171717,0.3939394,0.23543644,0.09939117,184.49724
0.72727275,0.3939394,0.23872322,0.10080674,185.57758
0.7373737,0.3939394,0.2420203,0.102222785,186.39937
0.74747473,0.3939394,0.24531299,0.103640005,187.62051
0.75757575,0.3939394,0.2485825,0.10505482,188.5593
0.7676768,0.3939394,0.25186136,0.10646872,190.18576
0.7777778,0.3939394,0.25517178,0.107886,190.71773
0.7878788,0.3939394,0.2584653,0.10930266,191.6796
0.7979798,0.3939394,0.26173398,0.11071607,193.32469
0.8080808,0.3939394,0.2650356,0.11213265,194.61662
0.8181818,0.3939394,0.26830798,0.11354737,195.05917
0.82828283,0.3939394,0.27159804,0.11496337,197.02167
0.83838385,0.3939394,0.2748925,0.11637887,198.81352
0.8484849,0.3939394,0.2781755,0.117794685,199.52505
0.85858583,0.3939394,0.28145516,0.119208984,200.4467
0.86868685,0.3939394,0.28474778,0.12062535,201.67902
0.8787879,0.3939394,0.2880569,0.12204265,202.72583
0.8888889,0.3939394,0.29133007,0.12345733,204.08333
0.8989899,0.3939394,0.29460287,0.124871805,205.14578
0.90909094,0.3939394,0.2978962,0.12628861,206.26038
0.9191919,0.3939394,0.3011798,0.12770489,206.61205
0.9292929,0.3939394,0.30446878,0.12912045,208.01276
0.93939394,0.3939394,0.30775648,0.13053936,208.73845
0.94949496,0.3939394,0.3110203,0.13195379,210.04974
0.959596,0.3939394,0.31432313,0.13337095,211.02577
0.969697,0.3939394,0.31759584,0.13478792,212.1672
0.97979796,0.3939394,0.32086563,0.13620333,213.56345
0.989899,0.3939394,0.32416147,0.13762113,214.58417
1.0,0.3939394,0.32744378,0.1390392,215.50209
0.0,0.4040404,0.0,0.0,0.0
0.01010101,0.4040404,0.003625534,0.00025537587,104.82478
0.02020202,0.4040404,0.007146406,0.0016061524,105.15449
0.030303031,0.4040404,0.010623851,0.002968734,103.88994
0.04040404,0.4040404,0.014135067,0.0043033874,107.90028
0.05050505,0.4040404,0.017698789,0.0057281433,106.73599
0.060606062,0.4040404,0.0212795,0.0071201515,107.75519
0.07070707,0.4040404,0.024852559,0.008539995,107.94187
0.08080808,0.4040404,0.02841511,0.009955805,108.38248
0.09090909,0.4040404,0.031950273,0.011352928,111.44019
0.1010101,0.4040404,0.035471924,0.01277429,112.90256
0.11111111,0.4040404,0.038985383,0.014212135,113.554955
0.121212125,0.4040404,0.042491548,0.015652074,114.28054
0.13131313,0.4040404,0.045978058,0.0170889,115.585144
0.14141414,0.4040404,0.04946142,0.018524421,117.36974
0.15151516,0.4040404,0.052943777,0.019962726,118.96584
0.16161616,0.4040404,0.056419093,0.021403296,120.46937
0.17171717,0.4040404,0.05988011,0.022847617,121.517105
0.18181819,0.4040404,0.06334531,0.024294263,122.67828
0.1919192,0.4040404,0.06680934,0.02574306,123.37081
0.2020202,0.4040404,0.07026676,0.027191764,124.07135
0.21212122,0.4040404,0.07372238,0.02863988,124.953125
0.22222222,0.4040404,0.07718354,0.030089164,125.809944
0.23232323,0.4040404,0.080643624,0.031535637,126.825645
0.24242425,0.4040404,0.08410389,0.032981634,127.79236
0.25252524,0.4040404,0.08755207,0.03442544,128.98668
0.26262626,0.4040404,0.091010965,0.03587004,130.48053
0.27272728,0.4040404,0.094469465,0.037312496,131.71733
0.28282827,0.4040404,0.097928666,0.038755503,133.38626
0.2929293,0.4040404,0.101375684,0.0401963,134.79851
0.3030303,0.4040404,0.10484072,0.041638006,136.0476
0.3131313,0.4040404,0.10828585,0.04307825,137.3332
0.32323232,0.4040404,0.111746386,0.044518013,138.92352
0.33333334,0.4040404,0.115185946,0.045956776,140.05266
0.34343433,0.4040404,0.11863429,0.04739612,141.74953
0.35353535,0.4040404,0.12209484,0.048834946,142.98186
0.36363637,0.4040404,0.12554301,0.050273884,144.06256
0.37373737,0.4040404,0.12898502,0.05171054,145.52026
0.3838384,0.4040404,0.1324237,0.053148363,146.23068
0.3939394,0.4040404,0.13587031,0.054585252,147.65411
0.4040404,0.4040404,0.13931477,0.056023095,148.77394
0.41414142,0.4040404,0.14274819,0.05745834,149.96007
0.42424244,0.4040404,0.14618325,0.05889395,151.35222
0.43434343,0.4040404,0.14961946,0.060329426,153.12918
0.44444445,0.4040404,0.15305965,0.06176586,153.28937
0.45454547,0.4040404,0.15648168,0.06320003,154.53323
0.46464646,0.4040404,0.15992779,0.06463628,156.20663
0.47474748,0.4040404,0.16336681,0.06607112,157.54774
0.4848485,0.4040404,0.16679654,0.067506954,157.86812
0.4949495,0.4040404,0.1702276,0.068941325,159.86786
0.5050505,0.4040404,0.17367114,0.07037624,160.66432
0.5151515,0.4040404,0.17708771,0.07180948,162.43831
0.5252525,0.4040404,0.18051402,0.073243245,163.14537
0.53535354,0.4040404,0.18394752,0.07467769,163.85616
0.54545456,0.4040404,0.18738025,0.07611088,165.33136
0.5555556,0.4040404,0.19080459,0.07754505,166.18297
0.56565654,0.4040404,0.19423574,0.078978084,168.2654
0.57575756,0.4040404,0.1976741,0.080411874,169.33084
0.5858586,0.4040404,0.20109572,0.081844956,170.09898
0.5959596,0.4040404,0.20453432,0.08327808,170.94835
0.6060606,0.4040404,0.20797046,0.084712826,171.73663
0.61616164,0.4040404,0.21138184,0.086144,172.85794
0.6262626,0.4040404,0.21483,0.08757757,174.10963
0.6363636,0.4040404,0.2182665,0.08901095,175.9775
0.64646465,0.4040404,0.22170094,0.090443544,176.50128
0.65656567,0.4040404,0.22512329,0.091875695,177.45793
0.6666667,0.4040404,0.2285644,0.0933082,179.14772
0.67676765,0.4040404,0.23199922,0.09474028,179.85106
0.68686867,0.4040404,0.23542705,0.096172325,180.69148
0.6969697,0.4040404,0.23886198,0.097604915,182.32614
0.7070707,0.4040404,0.24231113,0.09903662,183.68437
0.7171717,0.4040404,0.24572079,0.100466706,184.76695
0.72727275,0.4040404,0.249168,0.10189903,185.96202
0.7373737,0.4040404,0.2525996,0.10333066,187.42978
0.74747473,0.4040404,0.25603032,0.10476226,188.57866
0.75757575,0.4040404,0.25944874,0.10619207,189.62845
0.7676768,0.4040404,0.26288882,0.10762296,191.20947
0.7777778,0.4040404,0.2663252,0.109054975,192.07076
0.7878788,0.4040404,0.26975766,0.110485636,193.41707
0.7979798,0.4040404,0.27318993,0.111917995,193.83728
0.8080808,0.4040404,0.27662674,0.11334875,194.93997
0.8181818,0.4040404,0.28007504,0.114780165,195.40564
0.82828283,0.4040404,0.28346664,0.11620828,197.19601
0.83838385,0.4040404,0.2869069,0.11764078,199.28291
0.8484849,0.4040404,0.29034987,0.1190719,200.25597
0.85858583,0.4040404,0.2937749,0.12050179,201.38919
0.86868685,0.4040404,0.29720107,0.12193337,202.3004
0.8787879,0.4040404,0.3006505,0.12336589,203.25557
0.8888889,0.4040404,0.30405134,0.12479559,203.83224
0.8989899,0.4040404,0.30748534,0.12622634,205.43933
0.90909094,0.4040404,0.31091926,0.12765785,207.02481
0.9191919,0.4040404,0.31434515,0.1290894,207.4197
0.9292929,0.4040404,0.31778458,0.13052097,209.03944
0.93939394,0.4040404,0.3212302,0.13195407,209.28085
0.94949496,0.4040404,0.32465598,0.13338551,212.4101
0.959596,0.4040404,0.32806414,0.13481663,211.72314
0.969697,0.4040404,0.3314875,0.13624968,212.36389
0.97979796,0.4040404,0.33493322,0.13768162,214.8375
0.989899,0.4040404,0.3383281,0.13911232,215.18022
1.0,0.4040404,0.3417641,0.14054576,216.8283
0.0,0.41414142,0.0,0.0,0.0
0.01010101,0.41414142,0.0037577376,0.00025540494,105.46857
0.02020202,0.41414142,0.0074159424,0.0016264082,105.127365
0.030303031,0.41414142,0.011029731,0.0030026103,103.92505
0.04040404,0.41414142,0.014682184,0.0043539335,107.63598
0.05050505,0.41414142,0.0183895,0.005789002,106.68859
0.060606062,0.41414142,0.022109553,0.0071871807,108.13647
0.07070707,0.41414142,0.025831478,0.008621292,107.98285
0.08080808,0.41414142,0.029534334,0.010047245,108.50057
0.09090909,0.41414142,0.03321687,0.011457574,111.610725
0.1010101,0.41414142,0.0368878,0.012893469,112.78354
0.11111111,0.41414142,0.04054446,0.014343052,113.31066
0.121212125,0.41414142,0.044192977,0.015795544,114.14569
0.13131313,0.41414142,0.047828693,0.017244006,115.5233
0.14141414,0.41414142,0.051462367,0.018692141,117.38837
0.15151516,0.41414142,0.05508972,0.020143237,119.12044
0.16161616,0.41414142,0.058706377,0.021598743,120.38015
0.17171717,0.41414142,0.062325466,0.023056068,121.67301
0.18181819,0.41414142,0.065936856,0.024517324,122.60415
0.1919192,0.41414142,0.06954423,0.025979333,123.54422
0.2020202,0.41414142,0.07315697,0.027443487,124.13878
0.21212122,0.41414142,0.07675509,0.028905854,125.07439
0.22222222,0.41414142,0.08036707,0.030368177,126.27337
0.23232323,0.41414142,0.083974086,0.031829603,127.09089
0.24242425,0.41414142,0.087570004,0.033289302,128.11124
0.25252524,0.41414142,0.091173425,0.034748305,129.50375
0.26262626,0.41414142,0.09478396,0.036206808,130.77258
0.27272728,0.41414142,0.098387115,0.037663996,132.09209
0.28282827,0.41414142,0.10198167,0.039120868,133.4861
0.2929293,0.41414142,0.105604015,0.04057717,134.83167
0.3030303,0.41414142,0.10919639,0.042032257,136.31061
0.3131313,0.41414142,0.11280307,0.043486957,137.89497
0.32323232,0.41414142,0.11640108,0.044941597,138.75812
0.33333334,0.41414142,0.120000236,0.046395734,140.42966
0.34343433,0.41414142,0.12359443,0.047848225,142.1459
0.35353535,0.41414142,0.12718949,0.04930184,142.81609
0.36363637,0.41414142,0.13078369,0.050754458,144.17172
0.37373737,0.41414142,0.13437986,0.052207038,145.391
0.3838384,0.41414142,0.1379709,0.053658605,147.0711
0.3939394,0.41414142,0.14156677,0.055110082,147.87578
0.4040404,0.41414142,0.1451461,0.056560855,148.98143
0.41414142,0.41414142,0.14874153,0.058012348,150.19327
0.42424244,0.41414142,0.15231468,0.05946202,151.53102
0.43434343,0.41414142,0.1558969,0.060913116,152.9105
0.44444445,0.41414142,0.15948172,0.062362697,154.25943
0.45454547,0.41414142,0.16306524,0.063812956,155.47424
0.46464646,0.41414142,0.16665006,0.0652627,156.44133
0.47474748,0.41414142,0.17022306,0.06671314,157.64311
0.4848485,0.41414142,0.1738117,0.06816314,158.7756
0.4949495,0.41414142,0.17738459,0.06961123,159.96992
0.5050505,0.41414142,0.1809525,0.071059845,160.9832
0.5151515,0.41414142,0.1845491,0.07250989,162.38763
0.5252525,0.41414142,0.18812492,0.073957875,163.52907
0.53535354,0.41414142,0.19168894,0.07540546,164.26593
0.54545456,0.41414142,0.19527286,0.07685438,165.78287
0.5555556,0.41414142,0.19886316,0.078303166,166.98093
0.56565654,0.41414142,0.20242248,0.079750635,167.55908
0.57575756,0.41414142,0.20600879,0.08119899,169.05666
0.5858586,0.41414142,0.2095862,0.08264629,170.61531
0.5959596,0.41414142,0.21315554,0.0840945,171.58464
0.6060606,0.41414142,0.21675262,0.08554157,172.57333
0.61616164,0.41414142,0.22032142,0.086989395,173.62535
0.6262626,0.41414142,0.22391006,0.088438354,174.21544
0.6363636,0.41414142,0.22748733,0.089885004,175.67203
0.64646465,0.41414142,0.23104991,0.091331266,177.1003
0.65656567,0.41414142,0.23463413,0.092778,177.91167
0.6666667,0.41414142,0.2382113,0.094224975,179.31982
0.67676765,0.41414142,0.24178857,0.09567093,180.4322
0.68686867,0.41414142,0.24536073,0.09711694,181.38438
0.6969697,0.41414142,0.24895085,0.09856381,183.62105
0.7070707,0.41414142,0.25252116,0.10000971,184.62465
0.7171717,0.41414142,0.25609988,0.10145481,185.90689
0.72727275,0.41414142,0.25965983,0.10290004,186.40234
0.7373737,0.41414142,0.2632607,0.10434754,186.95966
0.74747473,0.41414142,0.26682976,0.10579142,188.91618
0.75757575,0.41414142,0.27043238,0.10723887,189.99203
0.7676768,0.41414142,0.2740007,0.10868493,191.65202
0.7777778,0.41414142,0.27758658,0.110129476,192.16537
0.7878788,0.41414142,0.2811556,0.11157355,194.05931
0.7979798,0.41414142,0.28473586,0.113019004,195.35422
0.8080808,0.41414142,0.28832063,0.11446452,196.02106
0.8181818,0.41414142,0.29189542,0.115910225,197.27423
0.82828283,0.41414142,0.29547432,0.11735496,197.97906
0.83838385,0.41414142,0.2990494,0.118799865,199.54369
0.8484849,0.41414142,0.30263817,0.12024565,201.10384
0.85858583,0.41414142,0.30620438,0.12169042,201.44879
0.86868685,0.41414142,0.30979472,0.12313615,203.36508
0.8787879,0.41414142,0.31334683,0.12458003,204.38657
0.8888889,0.41414142,0.3169366,0.12602702,205.82825
0.8989899,0.41414142,0.32051894,0.127473,206.53159
0.90909094,0.41414142,0.32407773,0.12891746,207.80563
0.9191919,0.41414142,0.32766265,0.13036327,208.65202
0.9292929,0.41414142,0.3312352,0.13180988,209.87689
0.93939394,0.41414142,0.33479756,0.13325247,211.3983
0.94949496,0.41414142,0.33837783,0.13469994,211.25525
0.959596,0.41414142,0.34198052,0.13614692,213.65135
0.969697,0.41414142,0.3455631,0.13759461,214.40685
0.97979796,0.41414142,0.34911597,0.13904022,215.25323
0.989899,0.41414142,0.35270944,0.14048776,217.39304
1.0,0.41414142,0.35626003,0.14193416,217.7775
0.0,0.42424244,0.0,0.0,0.0
0.01010101,0.42424244,0.0038903398,0.00025776084,105.77214
0.02020202,0.42424244,0.0076873875,0.0016471713,104.80522
0.030303031,0.42424244,0.01143917,0.0030284408,104.43744
0.04040404,0.42424244,0.015231863,0.0043954626,107.72138
0.05050505,0.42424244,0.019085646,0.005845514,106.493385
0.060606062,0.42424244,0.022950415,0.007250074,108.303825
0.07070707,0.42424244,0.026812231,0.008695294,108.06052
0.08080808,0.42424244,0.03066178,0.010129727,108.699036
0.09090909,0.42424244,0.03449357,0.011551941,111.68355
0.1010101,0.42424244,0.038306974,0.012999642,112.73986
0.11111111,0.42424244,0.04211554,0.0144620305,113.02885
0.121212125,0.42424244,0.045908187,0.015924577,113.92552
0.13131313,0.42424244,0.049696553,0.017385181,115.44768
0.14141414,0.42424244,0.053479966,0.018845007,117.30529
0.15151516,0.42424244,0.05725229,0.02030711,119.114105
0.16161616,0.42424244,0.06102409,0.021774556,120.75175
0.17171717,0.42424244,0.06478505,0.023245024,121.761856
0.18181819,0.42424244,0.06854936,0.024718607,123.05341
0.1919192,0.42424244,0.072304256,0.026193986,123.646484
0.2020202,0.42424244,0.076061964,0.027670532,124.295425
0.21212122,0.42424244,0.07982352,0.029147118,125.24482
0.22222222,0.42424244,0.08357205,0.03062209,126.123245
0.23232323,0.42424244,0.08732269,0.032095395,127.33452
0.24242425,0.42424244,0.09108301,0.033569064,128.28372
0.25252524,0.42424244,0.094841614,0.0350416,129.74142
0.26262626,0.42424244,0.098582074,0.036512256,130.81245
0.27272728,0.42424244,0.10234296,0.037983302,132.27202
0.28282827,0.42424244,0.10609905,0.039453443,133.59486
0.2929293,0.42424244,0.109851584,0.04092253,134.93448
0.3030303,0.42424244,0.113599785,0.042390347,136.441
0.3131313,0.42424244,0.117349125,0.0438584,138.04958
0.32323232,0.42424244,0.12110283,0.045325723,139.29977
0.33333334,0.42424244,0.124849156,0.04679276,140.60625
0.34343433,0.42424244,0.12859736,0.048259795,141.87321
0.35353535,0.42424244,0.1323422,0.049726054,143.13683
0.36363637,0.42424244,0.13608865,0.051191844,144.76665
0.37373737,0.42424244,0.13982938,0.05265739,145.85443
0.3838384,0.42424244,0.14356746,0.054121677,146.9709
0.3939394,0.42424244,0.14731333,0.055587336,148.27289
0.4040404,0.42424244,0.15103437,0.05705127,149.22023
0.41414142,0.42424244,0.15478344,0.058515556,150.73605
0.42424244,0.42424244,0.1585013,0.059978664,152.2638
0.43434343,0.42424244,0.16222736,0.061442416,153.14632
0.44444445,0.42424244,0.16596232,0.062905565,154.82008
0.45454547,0.42424244,0.16969192,0.06436868,155.77153
0.46464646,0.42424244,0.17341791,0.06583243,156.60376
0.47474748,0.42424244,0.1771496,0.06729573,158.03725
0.4848485,0.42424244,0.18089671,0.06875985,159.00134
0.4949495,0.42424244,0.18461181,0.07022094,160.54585
0.5050505,0.42424244,0.1883442,0.07168402,161.58
0.5151515,0.42424244,0.19205363,0.07314475,162.75049
0.5252525,0.42424244,0.19578822,0.07460749,164.11394
0.53535354,0.42424244,0.19950894,0.07606909,164.7614
0.54545456,0.42424244,0.20324504,0.077531256,166.443
0.5555556,0.42424244,0.20695516,0.07899166,167.49948
0.56565654,0.42424244,0.21068315,0.08045341,168.47476
0.57575756,0.42424244,0.21441051,0.08191474,169.71454
0.5858586,0.42424244,0.21814987,0.0833764,170.8001
0.5959596,0.42424244,0.22188449,0.08483815,171.34473
0.6060606,0.42424244,0.22561243,0.08629945,173.17235
0.61616164,0.42424244,0.22933102,0.0877605,174.31676
0.6262626,0.42424244,0.23303811,0.08921975,175.64818
0.6363636,0.42424244,0.23676986,0.090680055,176.99078
0.64646465,0.42424244,0.2404947,0.092139505,178.0428
0.65656567,0.42424244,0.24423143,0.09359991,178.9376
0.6666667,0.42424244,0.24796093,0.09505986,180.06638
0.67676765,0.42424244,0.25168094,0.09651957,180.8919
0.68686867,0.42424244,0.25541094,0.09797998,181.75244
0.6969697,0.42424244,0.2591345,0.0994389,183.23361
0.7070707,0.42424244,0.26284882,0.100897506,184.62613
0.7171717,0.42424244,0.26659322,0.10235736,185.67294
0.72727275,0.42424244,0.27031618,0.103816174,187.31355
0.7373737,0.42424244,0.2740265,0.105274394,188.39464
0.74747473,0.42424244,0.27776226,0.10673339,189.71712
0.75757575,0.42424244,0.2815021,0.10819336,191.22064
0.7676768,0.42424244,0.28521335,0.10965074,191.85617
0.7777778,0.42424244,0.28895015,0.11110797,193.06839
0.7878788,0.42424244,0.29267287,0.1125679,193.8954
0.7979798,0.42424244,0.2963923,0.114024624,195.57849
0.8080808,0.42424244,0.30013093,0.11548382,196.71918
0.8181818,0.42424244,0.30386233,0.116942406,198.49911
0.82828283,0.42424244,0.30759045,0.118400335,198.3516
0.83838385,0.42424244,0.31131858,0.11985726,201.52852
0.8484849,0.42424244,0.31503338,0.12131572,201.58067
0.85858583,0.42424244,0.31875935,0.12277451,202.51944
0.86868685,0.42424244,0.32248312,0.12423279,203.82777
0.8787879,0.42424244,0.32621545,0.12569009,204.6898
0.8888889,0.42424244,0.32993874,0.12714826,206.02345
0.8989899,0.42424244,0.3336573,0.12860595,207.36604
0.90909094,0.42424244,0.33739567,0.13006759,208.25864
0.9191919,0.42424244,0.3411063,0.1315256,209.02306
0.9292929,0.42424244,0.344836,0.13298348,210.76799
0.93939394,0.42424244,0.34855378,0.13444176,211.13158
0.94949496,0.42424244,0.3522881,0.13590178,213.6156
0.959596,0.42424244,0.35600257,0.13735864,215.50656
0.969697,0.42424244,0.35972106,0.13881885,215.71666
0.97979796,0.42424244,0.36345902,0.1402797,216.79253
0.989899,0.42424244,0.3671672,0.14173716,218.17238
1.0,0.42424244,0.37088317,0.1431965,219.38234
0.0,0.43434343,0.0,0.0,0.0
0.01010101,0.43434343,0.004023601,0.00026106293,105.8785
0.02020202,0.43434343,0.007960004,0.0016667629,104.390366
0.030303031,0.43434343,0.011852393,0.003052757,104.737076
0.04040404,0.43434343,0.015785718,0.004433544,107.75463
0.05050505,0.43434343,0.019784592,0.005896416,106.25464
0.060606062,0.43434343,0.02379376,0.007304827,108.635376
0.07070707,0.43434343,0.027806172,0.008763107,107.95928
0.08080808,0.43434343,0.03179849,0.010204635,108.852234
0.09090909,0.43434343,0.035774752,0.011637004,111.59508
0.1010101,0.43434343,0.039740797,0.013095167,112.684814
0.11111111,0.43434343,0.04369051,0.014567932,113.07746
0.121212125,0.43434343,0.047638614,0.016041433,113.85549
0.13131313,0.43434343,0.051581386,0.017511379,115.33555
0.14141414,0.43434343,0.0555087,0.018981114,117.39954
0.15151516,0.43434343,0.05943703,0.02045468,119.272064
0.16161616,0.43434343,0.063350774,0.021932919,120.80036
0.17171717,0.43434343,0.067266,0.02341452,121.873245
0.18181819,0.43434343,0.07118008,0.024899906,122.967735
0.1919192,0.43434343,0.07508952,0.026386986,123.978035
0.2020202,0.43434343,0.07899681,0.027875459,124.805046
0.21212122,0.43434343,0.08290825,0.029362796,125.7401
0.22222222,0.43434343,0.08680659,0.030848501,126.76027
0.23232323,0.43434343,0.090712935,0.032335114,127.26672
0.24242425,0.43434343,0.09461922,0.033820234,128.71065
0.25252524,0.43434343,0.09852295,0.035303652,130.06107
0.26262626,0.43434343,0.102420546,0.0367867,131.0967
0.27272728,0.43434343,0.106335245,0.03826959,132.51416
0.28282827,0.43434343,0.11023842,0.03975073,134.09258
0.2929293,0.43434343,0.11413488,0.04123201,135.19153
0.3030303,0.43434343,0.11804473,0.042712405,136.91895
0.3131313,0.43434343,0.121932305,0.044191364,138.269
0.32323232,0.43434343,0.12584768,0.04567143,139.55794
0.33333334,0.43434343,0.12974404,0.047150355,140.54924
0.34343433,0.43434343,0.13363524,0.048628364,142.10864
0.35353535,0.43434343,0.13753629,0.05010657,143.46875
0.36363637,0.43434343,0.14142062,0.0515842,144.80501
0.37373737,0.43434343,0.14531142,0.053061206,146.28098
0.3838384,0.43434343,0.14920463,0.05453888,146.85915
0.3939394,0.43434343,0.1530908,0.056015294,148.7419
0.4040404,0.43434343,0.15697935,0.057491787,150.07742
0.41414142,0.43434343,0.16086067,0.058967907,151.01917
0.42424244,0.43434343,0.16474746,0.060444243,152.18892
0.43434343,0.43434343,0.16861245,0.06191907,153.39702
0.44444445,0.43434343,0.17249604,0.06339467,154.5094
0.45454547,0.43434343,0.17637439,0.06486967,155.90042
0.46464646,0.43434343,0.18025735,0.0663454,157.15137
0.47474748,0.43434343,0.1841424,0.06782099,158.5558
0.4848485,0.43434343,0.18801746,0.06929537,159.33215
0.4949495,0.43434343,0.19188312,0.07076987,160.56076
0.5050505,0.43434343,0.19575827,0.07224381,161.4444
0.5151515,0.43434343,0.19964443,0.07371844,163.30704
0.5252525,0.43434343,0.20351447,0.07519257,164.78375
0.53535354,0.43434343,0.20739414,0.076666325,165.83875
0.54545456,0.43434343,0.21126506,0.07813964,166.91386
0.5555556,0.43434343,0.21514042,0.07961395,167.86754
0.56565654,0.43434343,0.21902472,0.08108716,169.59682
0.57575756,0.43434343,0.2228889,0.08256052,169.63556
0.5858586,0.43434343,0.22676386,0.084033035,171.18231
0.5959596,0.43434343,0.23063196,0.085506365,171.86403
0.6060606,0.43434343,0.23451059,0.086979225,173.62982
0.61616164,0.43434343,0.23840567,0.088453814,174.69897
0.6262626,0.43434343,0.24227953,0.08992659,175.2615
0.6363636,0.43434343,0.24615476,0.09139911,177.20386
0.64646465,0.43434343,0.25002873,0.092870004,178.58371
0.65656567,0.43434343,0.25390008,0.09434166,180.02466
0.6666667,0.43434343,0.25776303,0.0958125,180.5529
0.67676765,0.43434343,0.26165032,0.097285956,182.1585
0.68686867,0.43434343,0.26551786,0.09875654,182.3701
0.6969697,0.43434343,0.26939815,0.10022769,184.07703
0.7070707,0.43434343,0.27327678,0.1016984,185.99406
0.7171717,0.43434343,0.27716726,0.10317004,187.36496
0.72727275,0.43434343,0.28102565,0.10464006,187.83807
0.7373737,0.43434343,0.28491318,0.10611214,188.51831
0.74747473,0.43434343,0.2887996,0.107581876,190.39885
0.75757575,0.43434343,0.29266402,0.10905297,191.42255
0.7676768,0.43434343,0.29653063,0.1105218,193.24272
0.7777778,0.43434343,0.3003996,0.111993514,193.50424
0.7878788,0.43434343,0.30428863,0.113463305,195.25885
0.7979798,0.43434343,0.30815968,0.114932775,196.55153
0.8080808,0.43434343,0.31204012,0.11640258,197.28764
0.8181818,0.43434343,0.31589803,0.11787165,199.44235
0.82828283,0.43434343,0.3197864,0.119342394,199.47589
0.83838385,0.43434343,0.32366842,0.1208126,201.42123
0.8484849,0.43434343,0.327538,0.12228288,202.39577
0.85858583,0.43434343,0.3314186,0.123751834,203.94922
0.86868685,0.43434343,0.33527243,0.12522015,204.15337
0.8787879,0.43434343,0.33914614,0.12669088,205.65689
0.8888889,0.43434343,0.34304318,0.12816224,207.03972
0.8989899,0.43434343,0.34691927,0.12963285,207.76093
0.90909094,0.43434343,0.35079437,0.13110197,210.22559
0.9191919,0.43434343,0.35468006,0.1325746,210.2673
0.9292929,0.43434343,0.3585385,0.13404374,211.25824
0.93939394,0.43434343,0.36239758,0.13551274,211.91985
0.94949496,0.43434343,0.36631277,0.13698654,214.24591
0.959596,0.43434343,0.37015948,0.138456,215.19064
0.969697,0.43434343,0.37402958,0.13992532,216.56305
0.97979796,0.43434343,0.3779052,0.14139567,218.50317
0.989899,0.43434343,0.3817602,0.14286706,219.81596
1.0,0.43434343,0.385627,0.14433856,220.64299
0.0,0.44444445,0.0,0.0,0.0
0.01010101,0.44444445,0.0041567455,0.00026064695,106.23653
0.02020202,0.44444445,0.008234763,0.0016770525,104.65974
0.030303031,0.44444445,0.01226845,0.0030767191,104.81146
0.04040404,0.44444445,0.016344879,0.0044680275,107.78918
0.05050505,0.44444445,0.020491654,0.0059396764,106.28705
0.060606062,0.44444445,0.024644451,0.007353511,108.96674
0.07070707,0.44444445,0.028801667,0.008823533,107.83737
0.08080808,0.44444445,0.032941975,0.010270555,109.00581
0.09090909,0.44444445,0.037064947,0.011712551,111.66921
0.1010101,0.44444445,0.041177433,0.013181205,112.52212
0.11111111,0.44444445,0.045284785,0.01466421,112.77329
0.121212125,0.44444445,0.049379442,0.016145023,113.688034
0.13131313,0.44444445,0.053470466,0.01762408,115.215965
0.14141414,0.44444445,0.05755464,0.01910187,117.39731
0.15151516,0.44444445,0.06163155,0.020585766,119.06549
0.16161616,0.44444445,0.06569832,0.022072017,120.77447
0.17171717,0.44444445,0.069768816,0.023565346,121.847916
0.18181819,0.44444445,0.073824786,0.025060251,123.21267
0.1919192,0.44444445,0.077887036,0.02655757,123.98995
0.2020202,0.44444445,0.08195129,0.028055506,124.89129
0.21212122,0.44444445,0.08600666,0.029553272,125.651245
0.22222222,0.44444445,0.090061784,0.031050945,126.71445
0.23232323,0.44444445,0.09411779,0.03254638,128.02184
0.24242425,0.44444445,0.09817731,0.034041803,129.16588
0.25252524,0.44444445,0.10224023,0.035536755,130.2112
0.26262626,0.44444445,0.106292896,0.037029848,131.72478
0.27272728,0.44444445,0.11035504,0.038523253,132.82411
0.28282827,0.44444445,0.114404954,0.040014356,134.08847
0.2929293,0.44444445,0.11845249,0.041505422,135.48882
0.3030303,0.44444445,0.122516744,0.04299734,136.79228
0.3131313,0.44444445,0.12657005,0.044486903,138.60501
0.32323232,0.44444445,0.13061816,0.04597712,139.57954
0.33333334,0.44444445,0.13465682,0.047465976,140.91171
0.34343433,0.44444445,0.13870975,0.048955116,142.58995
0.35353535,0.44444445,0.14275481,0.05044424,143.45645
0.36363637,0.44444445,0.14680764,0.05193283,144.70033
0.37373737,0.44444445,0.15084025,0.053420294,146.38528
0.3838384,0.44444445,0.15487836,0.054907635,147.45555
0.3939394,0.44444445,0.15890983,0.056394987,149.0511
0.4040404,0.44444445,0.16295037,0.057881918,150.17093
0.41414142,0.44444445,0.16698241,0.059368562,151.5001
0.42424244,0.44444445,0.17101227,0.060855035,152.35506
0.43434343,0.44444445,0.17504041,0.06234174,153.56801
0.44444445,0.44444445,0.17907628,0.06382812,154.49821
0.45454547,0.44444445,0.18310948,0.06531478,156.33852
0.46464646,0.44444445,0.18714124,0.06680132,157.49782
0.47474748,0.44444445,0.19115606,0.0682859,158.67427
0.4848485,0.44444445,0.19518846,0.069771476,159.99675
0.4949495,0.44444445,0.19922106,0.071257405,161.14935
0.5050505,0.44444445,0.2032516,0.072742835,161.98233
0.5151515,0.44444445,0.2072615,0.07422702,163.70117
0.5252525,0.44444445,0.21130745,0.07571237,164.72786
0.53535354,0.44444445,0.21533325,0.07719789,165.68153
0.54545456,0.44444445,0.2193537,0.07868175,166.95038
0.5555556,0.44444445,0.22338827,0.08016647,167.63731
0.56565654,0.44444445,0.2274055,0.08165092,168.77502
0.57575756,0.44444445,0.23143093,0.08313447,170.41937
0.5858586,0.44444445,0.23544332,0.08461797,171.82082
0.5959596,0.44444445,0.23948438,0.08610223,173.1962
0.6060606,0.44444445,0.24351172,0.08758724,173.68198
0.61616164,0.44444445,0.24754532,0.08907091,175.187
0.6262626,0.44444445,0.25157025,0.09055457,176.49382
0.6363636,0.44444445,0.25557807,0.09203644,176.97588
0.64646465,0.44444445,0.25961357,0.09351961,178.39447
0.65656567,0.44444445,0.26363003,0.09500075,180.21315
0.6666667,0.44444445,0.26766062,0.09648415,181.43654
0.67676765,0.44444445,0.27169892,0.0979675,182.29037
0.68686867,0.44444445,0.2757204,0.099449046,184.05765
0.6969697,0.44444445,0.27975675,0.10093177,185.19238
0.7070707,0.44444445,0.28376064,0.10241192,185.98885
0.7171717,0.44444445,0.2878109,0.10389505,186.97754
0.72727275,0.44444445,0.2918234,0.10537589,187.75389
0.7373737,0.44444445,0.2958641,0.10685674,190.04494
0.74747473,0.44444445,0.29987702,0.108337864,191.17892
0.75757575,0.44444445,0.30391014,0.10981818,192.14302
0.7676768,0.44444445,0.3079375,0.111299306,193.38802
0.7777778,0.44444445,0.31195667,0.11278034,194.35213
0.7878788,0.44444445,0.31597757,0.1142601,195.86832
0.7979798,0.44444445,0.32002515,0.11574192,197.14906
0.8080808,0.44444445,0.32404426,0.1172219,198.78224
0.8181818,0.44444445,0.32807258,0.11870383,199.05269
0.82828283,0.44444445,0.33210132,0.120184384,200.13824
0.83838385,0.44444445,0.3361168,0.121662684,201.54268
0.8484849,0.44444445,0.34014195,0.1231435,203.33453
0.85858583,0.44444445,0.3441728,0.12462491,204.47374
0.86868685,0.44444445,0.34819546,0.12610486,205.73885
0.8787879,0.44444445,0.35222125,0.12758511,206.53009
0.8888889,0.44444445,0.35624358,0.1290656,207.31241
0.8989899,0.44444445,0.36026913,0.13054594,209.108
0.90909094,0.44444445,0.3642861,0.13202515,210.56235
0.9191919,0.44444445,0.36831176,0.13350812,211.63971
0.9292929,0.44444445,0.3723292,0.13498735,213.12088
0.93939394,0.44444445,0.37635607,0.13646805,213.83316
0.94949496,0.44444445,0.3803759,0.1379487,215.31284
0.959596,0.44444445,0.3844258,0.13943182,216.80295
0.969697,0.44444445,0.38845447,0.14091405,217.99356
0.97979796,0.44444445,0.39241138,0.14239222,218.41824
0.989899,0.44444445,0.3964519,0.14387415,220.34496
1.0,0.44444445,0.40046588,0.14535546,222.05412
0.0,0.45454547,0.0,-0.0,0.0
0.01010101,0.45454547,0.004290719,0.0002619743,106.34275
0.02020202,0.45454547,0.0085099125,0.0016884321,104.569496
0.030303031,0.45454547,0.01268559,0.0030971728,104.81211
0.04040404,0.45454547,0.016907586,0.004499388,107.80026
0.05050505,0.45454547,0.021199357,0.005978298,106.14814
0.060606062,0.45454547,0.025501585,0.0073973555,109.197296
0.07070707,0.45454547,0.02980642,0.008874795,108.0513
0.08080808,0.45454547,0.03409634,0.010328496,109.17103
0.09090909,0.45454547,0.03836833,0.011778566,111.74353
0.1010101,0.45454547,0.04263278,0.013257795,112.29655
0.11111111,0.45454547,0.04688743,0.014747281,112.53375
0.121212125,0.45454547,0.051130533,0.01623574,113.486496
0.13131313,0.45454547,0.05537319,0.017721213,115.11706
0.14141414,0.45454547,0.059604786,0.019207723,117.223335
0.15151516,0.45454547,0.06384035,0.020698205,119.17334
0.16161616,0.45454547,0.06805529,0.022194639,120.919014
0.17171717,0.45454547,0.07227037,0.023695359,122.15153
0.18181819,0.45454547,0.076489925,0.025199106,123.30655
0.1919192,0.45454547,0.08070186,0.026706299,124.23434
0.2020202,0.45454547,0.08492144,0.028212937,124.99728
0.21212122,0.45454547,0.08912035,0.029719306,125.94834
0.22222222,0.45454547,0.093332335,0.031225333,126.928276
0.23232323,0.45454547,0.09755324,0.03273122,128.03786
0.24242425,0.45454547,0.1017608,0.034235768,128.96545
0.25252524,0.45454547,0.10596225,0.035738517,130.39597
0.26262626,0.45454547,0.110172614,0.037240576,131.61003
0.27272728,0.45454547,0.11438728,0.038743123,132.89824
0.28282827,0.45454547,0.118593544,0.04024412,134.57983
0.2929293,0.45454547,0.12279999,0.04174451,135.73318
0.3030303,0.45454547,0.1270037,0.043244135,137.08658
0.3131313,0.45454547,0.1312124,0.04474372,138.71304
0.32323232,0.45454547,0.13541295,0.046242286,139.80232
0.33333334,0.45454547,0.13962023,0.04774184,140.97095
0.34343433,0.45454547,0.1438197,0.049240164,142.4089
0.35353535,0.45454547,0.14801256,0.05073743,143.98396
0.36363637,0.45454547,0.15220073,0.052234974,144.81284
0.37373737,0.45454547,0.15640126,0.053732608,146.74924
0.3838384,0.45454547,0.16059797,0.05522984,148.06241
0.3939394,0.45454547,0.16477662,0.0567261,148.92741
0.4040404,0.45454547,0.16896227,0.058222916,150.03122
0.41414142,0.45454547,0.17315292,0.05971909,151.34662
0.42424244,0.45454547,0.17733961,0.06121576,152.90901
0.43434343,0.45454547,0.18151477,0.06271095,154.11227
0.44444445,0.45454547,0.18570602,0.06420683,155.17772
0.45454547,0.45454547,0.1898994,0.06570407,156.4689
0.46464646,0.45454547,0.19406724,0.06719819,157.63417
0.47474748,0.45454547,0.19823976,0.06869398,158.68172
0.4848485,0.45454547,0.2024332,0.070188805,160.072
0.4949495,0.45454547,0.20660493,0.07168385,161.55913
0.5050505,0.45454547,0.21078077,0.073178135,162.72067
0.5151515,0.45454547,0.21497096,0.07467321,163.33908
0.5252525,0.45454547,0.2191344,0.07616794,164.82845
0.53535354,0.45454547,0.22331746,0.07766194,166.25151
0.54545456,0.45454547,0.22749943,0.07915564,167.52184
0.5555556,0.45454547,0.23167689,0.080650575,168.78769
0.56565654,0.45454547,0.23584865,0.08214331,169.89633
0.57575756,0.45454547,0.24002154,0.083637334,171.42146
0.5858586,0.45454547,0.24419789,0.085129835,172.51894
0.5959596,0.45454547,0.24838614,0.086625315,173.57245
0.6060606,0.45454547,0.25256407,0.08811891,174.00533
0.61616164,0.45454547,0.25674665,0.08961226,175.82997
0.6262626,0.45454547,0.26093316,0.09110474,176.73969
0.6363636,0.45454547,0.26509714,0.09259684,177.4095
0.64646465,0.45454547,0.2692728,0.094088286,179.89949
0.65656567,0.45454547,0.27345023,0.095580764,180.4918
0.6666667,0.45454547,0.27763334,0.0970741,182.33284
0.67676765,0.45454547,0.28181398,0.09856514,183.58453
0.68686867,0.45454547,0.2859808,0.10005562,184.3132
0.6969697,0.45454547,0.2901603,0.10154683,185.97693
0.7070707,0.45454547,0.29432577,0.103038795,186.47015
0.7171717,0.45454547,0.29849738,0.10452828,188.2106
0.72727275,0.45454547,0.3027053,0.106020674,188.92586
0.7373737,0.45454547,0.30687392,0.107511304,189.64336
0.74747473,0.45454547,0.31105688,0.109001964,190.5486
0.75757575,0.45454547,0.31523177,0.110492036,192.81804
0.7676768,0.45454547,0.31941184,0.11198237,193.48041
0.7777778,0.45454547,0.3235987,0.11347238,195.26704
0.7878788,0.45454547,0.32777,0.11496351,195.62617
0.7979798,0.45454547,0.3319458,0.11645128,197.84196
0.8080808,0.45454547,0.33611834,0.11794086,199.12198
0.8181818,0.45454547,0.34029835,0.119430624,199.7292
0.82828283,0.45454547,0.34449703,0.12092199,201.91669
0.83838385,0.45454547,0.34864932,0.122410454,202.75935
0.8484849,0.45454547,0.3528394,0.123900026,204.03265
0.85858583,0.45454547,0.35701698,0.12539123,204.41412
0.86868685,0.45454547,0.36119413,0.12688085,205.81036
0.8787879,0.45454547,0.36536682,0.12836945,207.30347
0.8888889,0.45454547,0.3695157,0.12985772,208.8204
0.8989899,0.45454547,0.37369558,0.13134784,210.31499
0.90909094,0.45454547,0.37787345,0.13283712,211.4743
0.9191919,0.45454547,0.38204437,0.13432743,212.85564
0.9292929,0.45454547,0.3862161,0.13581693,213.1313
0.93939394,0.45454547,0.3904058,0.13730748,214.74063
0.94949496,0.45454547,0.39458165,0.13879679,215.4708
0.959596,0.45454547,0.39873168,0.14028743,217.00114
0.969697,0.45454547,0.40291998,0.14177819,218.59706
0.97979796,0.45454547,0.40706465,0.14326833,220.03055
0.989899,0.45454547,0.4112493,0.14475809,221.29416
1.0,0.45454547,0.41543266,0.14625084,223.5517
0.0,0.46464646,0.0,-0.0,0.0
0.01010101,0.46464646,0.0044242744,0.00026890042,105.861916
0.02020202,0.46464646,0.008786078,0.0017038725,103.891975
0.030303031,0.46464646,0.013105507,0.003113836,104.91507
0.04040404,0.46464646,0.017473351,0.0045250957,107.850464
0.05050505,0.46464646,0.021915197,0.006013819,105.85194
0.060606062,0.46464646,0.026361486,0.007433525,109.46705
0.07070707,0.46464646,0.030815922,0.008919782,108.01917
0.08080808,0.46464646,0.035250418,0.010377481,109.48675
0.09090909,0.46464646,0.0396687,0.011837112,111.619385
0.1010101,0.46464646,0.04408515,0.013322769,112.05412
0.11111111,0.46464646,0.04849249,0.014819726,112.33092
0.121212125,0.46464646,0.05288515,0.016312294,113.35034
0.13131313,0.46464646,0.057281617,0.017804177,115.18728
0.14141414,0.46464646,0.061669152,0.019297475,117.1628
0.15151516,0.46464646,0.06604948,0.02079522,119.19607
0.16161616,0.46464646,0.070424676,0.022298794,120.751
0.17171717,0.46464646,0.07479516,0.02380706,122.09006
0.18181819,0.46464646,0.07916716,0.025318038,123.45482
0.1919192,0.46464646,0.083537005,0.026831727,124.44295
0.2020202,0.46464646,0.08789622,0.028346092,125.125984
0.21212122,0.46464646,0.09226548,0.029861035,126.34881
0.22222222,0.46464646,0.096628584,0.031374134,127.36097
0.23232323,0.46464646,0.10099354,0.032887645,128.2841
0.24242425,0.46464646,0.10535392,0.03439908,129.33315
0.25252524,0.46464646,0.10970725,0.035909735,130.7413
0.26262626,0.46464646,0.11408183,0.037421122,131.83318
0.27272728,0.46464646,0.118443355,0.038929358,133.11766
0.28282827,0.46464646,0.12280562,0.040438797,134.77654
0.2929293,0.46464646,0.12716085,0.041946325,136.1005
0.3030303,0.46464646,0.13153188,0.043454845,137.2479
0.3131313,0.46464646,0.13588081,0.044961873,138.62401
0.32323232,0.46464646,0.14023851,0.04646889,139.78444
0.33333334,0.46464646,0.14459057,0.04797557,141.51596
0.34343433,0.46464646,0.14894867,0.049481835,142.59369
0.35353535,0.46464646,0.15329067,0.050987884,144.02121
0.36363637,0.46464646,0.15764853,0.052493986,145.13432
0.37373737,0.46464646,0.16198744,0.053997383,146.72801
0.3838384,0.46464646,0.16633144,0.055503137,147.89142
0.3939394,0.46464646,0.17068008,0.057008754,149.54582
0.4040404,0.46464646,0.17501028,0.05851274,150.32925
0.41414142,0.46464646,0.1793536,0.06001706,151.75789
0.42424244,0.46464646,0.1836898,0.061521355,152.99358
0.43434343,0.46464646,0.18802923,0.06302478,154.47438
0.44444445,0.46464646,0.19237308,0.06453046,155.45935
0.45454547,0.46464646,0.19670399,0.06603426,156.90253
0.46464646,0.46464646,0.20103095,0.06753825,158.22054
0.47474748,0.46464646,0.20537107,0.06904197,159.52289
0.4848485,0.46464646,0.2096929,0.07054464,161.17543
0.4949495,0.46464646,0.21402122,0.0720473,161.41235
0.5050505,0.46464646,0.21836036,0.07355092,163.32864
0.5151515,0.46464646,0.22268337,0.0750539,164.08786
0.5252525,0.46464646,0.22700644,0.076556385,165.54222
0.53535354,0.46464646,0.23133682,0.078058906,166.4713
0.54545456,0.46464646,0.23568004,0.07956136,167.6768
0.5555556,0.46464646,0.23999748,0.08106287,169.3584
0.56565654,0.46464646,0.24432491,0.082564995,170.32251
0.57575756,0.46464646,0.24865931,0.08406685,171.4535
0.5858586,0.46464646,0.25299826,0.08557051,172.05849
0.5959596,0.46464646,0.25730988,0.08707098,173.46666
0.6060606,0.46464646,0.26166022,0.08857375,174.5209
0.61616164,0.46464646,0.26598454,0.0900736,176.467
0.6262626,0.46464646,0.27032375,0.09157555,177.39609
0.6363636,0.46464646,0.2746443,0.09307565,178.87653
0.64646465,0.46464646,0.2789899,0.094577774,179.23042
0.65656567,0.46464646,0.28330234,0.096078396,181.15416
0.6666667,0.46464646,0.28762734,0.09757717,182.57126
0.67676765,0.46464646,0.2919665,0.0990776,183.63074
0.68686867,0.46464646,0.29629672,0.10057682,184.94128
0.6969697,0.46464646,0.30063164,0.102077655,185.67517
0.7070707,0.46464646,0.30498013,0.1035767,187.79486
0.7171717,0.46464646,0.30930495,0.105074905,188.20688
0.72727275,0.46464646,0.31363085,0.10657446,189.8773
0.7373737,0.46464646,0.31795195,0.10807323,190.6678
0.74747473,0.46464646,0.32229158,0.10957099,192.91937
0.75757575,0.46464646,0.32663283,0.11107123,193.9632
0.7676768,0.46464646,0.3309565,0.11256874,194.81108
0.7777778,0.46464646,0.33527243,0.11406655,196.43828
0.7878788,0.46464646,0.3396266,0.115565054,196.74004
0.7979798,0.46464646,0.3439457,0.11706313,199.14284
0.8080808,0.46464646,0.34825712,0.11855924,199.55635
0.8181818,0.46464646,0.35259768,0.120056614,201.70956
0.82828283,0.46464646,0.3569284,0.12155552,202.13724
0.83838385,0.46464646,0.36125895,0.12305371,202.73105
0.8484849,0.46464646,0.36558986,0.12454951,204.62573
0.85858583,0.46464646,0.36992678,0.1260482,206.21269
0.86868685,0.46464646,0.3742477,0.12754478,207.22002
0.8787879,0.46464646,0.37855276,0.12904137,207.87567
0.8888889,0.46464646,0.3828958,0.13054188,209.55801
0.8989899,0.46464646,0.3872235,0.13203828,210.23601
0.90909094,0.46464646,0.3915475,0.13353485,212.21786
0.9191919,0.46464646,0.39588672,0.13503428,211.6531
0.9292929,0.46464646,0.40020275,0.13652991,214.23697
0.93939394,0.46464646,0.40452638,0.13802893,215.48718
0.94949496,0.46464646,0.40883127,0.13952659,216.84766
0.959596,0.46464646,0.4131658,0.14102536,216.89981
0.969697,0.46464646,0.4175059,0.14252445,219.62822
0.97979796,0.46464646,0.42184234,0.14402309,220.80391
0.989899,0.46464646,0.42614174,0.14552142,222.63676
1.0,0.46464646,0.43048617,0.14702012,223.49358
0.0,0.47474748,0.0,-0.0,0.0
0.01010101,0.47474748,0.004559241,0.00025968978,106.84092
0.02020202,0.47474748,0.009064337,0.0017098906,103.85814
0.030303031,0.47474748,0.013527337,0.0031252175,105.15552
0.04040404,0.47474748,0.01803878,0.0045450367,108.0384
0.05050505,0.47474748,0.02262921,0.006042989,105.43284
0.060606062,0.47474748,0.027224975,0.007463712,109.71273
0.07070707,0.47474748,0.031825997,0.008956927,108.03715
0.08080808,0.47474748,0.036411975,0.010417831,109.622444
0.09090909,0.47474748,0.040987305,0.011884347,111.669304
0.1010101,0.47474748,0.045549344,0.013378208,111.84337
0.11111111,0.47474748,0.050101176,0.014878287,112.138596
0.121212125,0.47474748,0.05465103,0.016376596,113.15029
0.13131313,0.47474748,0.059202526,0.017873121,115.132706
0.14141414,0.47474748,0.06373876,0.019372532,117.20192
0.15151516,0.47474748,0.068271294,0.020874104,119.2078
0.16161616,0.47474748,0.07280226,0.022384014,120.90653
0.17171717,0.47474748,0.07732834,0.023898432,122.185425
0.18181819,0.47474748,0.08185351,0.025415773,123.50045
0.1919192,0.47474748,0.086380735,0.0269357,124.50665
0.2020202,0.47474748,0.09089308,0.02845603,125.378555
0.21212122,0.47474748,0.095412575,0.029976096,126.55836
0.22222222,0.47474748,0.099935055,0.03149638,127.479805
0.23232323,0.47474748,0.10444835,0.03301567,128.40442
0.24242425,0.47474748,0.108967595,0.034533925,129.42627
0.25252524,0.47474748,0.11348151,0.03605136,130.60606
0.26262626,0.47474748,0.118003175,0.037567705,131.66777
0.27272728,0.47474748,0.122509725,0.039083622,133.41234
0.28282827,0.47474748,0.1270398,0.040598895,134.59772
0.2929293,0.47474748,0.13154659,0.042113904,135.62665
0.3030303,0.47474748,0.13605212,0.043627188,137.35294
0.3131313,0.47474748,0.14056282,0.045141414,138.79128
0.32323232,0.47474748,0.14508608,0.04665501,139.97704
0.33333334,0.47474748,0.14958483,0.048168235,141.53049
0.34343433,0.47474748,0.15410466,0.0496816,142.6354
0.35353535,0.47474748,0.15859869,0.05119389,144.21344
0.36363637,0.47474748,0.16310854,0.052705377,145.58844
0.37373737,0.47474748,0.16760646,0.05421754,146.77197
0.3838384,0.47474748,0.17210674,0.055729304,148.24123
0.3939394,0.47474748,0.17659217,0.057241287,149.53017
0.4040404,0.47474748,0.18108733,0.058752026,150.82173
0.41414142,0.47474748,0.18559103,0.06026441,151.79477
0.42424244,0.47474748,0.1900836,0.06177507,153.55386
0.43434343,0.47474748,0.19456835,0.06328674,154.74632
0.44444445,0.47474748,0.1990572,0.064797774,155.361
0.45454547,0.47474748,0.20353265,0.066307746,157.18936
0.46464646,0.47474748,0.20803526,0.06781855,158.36581
0.47474748,0.47474748,0.21251549,0.06932892,159.32024
0.4848485,0.47474748,0.21699879,0.07084006,160.96458
0.4949495,0.47474748,0.22149141,0.07234952,162.3325
0.5050505,0.47474748,0.2259664,0.073859565,163.12227
0.5151515,0.47474748,0.23045152,0.07536941,163.94853
0.5252525,0.47474748,0.23493612,0.07687987,165.42822
0.53535354,0.47474748,0.23940769,0.0783888,166.65459
0.54545456,0.47474748,0.24390589,0.07989882,167.85934
0.5555556,0.47474748,0.24837106,0.08140685,169.41652
0.56565654,0.47474748,0.252861,0.08291615,170.46706
0.57575756,0.47474748,0.25733986,0.084424786,171.83647
0.5858586,0.47474748,0.26184627,0.085935645,172.29468
0.5959596,0.47474748,0.26631662,0.087443635,173.34447
0.6060606,0.47474748,0.270796,0.088953145,175.00594
0.61616164,0.47474748,0.27528057,0.090460226,176.7233
0.6262626,0.47474748,0.27976966,0.091968305,178.52039
0.6363636,0.47474748,0.2842595,0.093475856,178.50623
0.64646465,0.47474748,0.28873703,0.09498459,180.30927
0.65656567,0.47474748,0.2932334,0.09649277,181.2242
0.6666667,0.47474748,0.2977044,0.09799896,182.90282
0.67676765,0.47474748,0.30219248,0.09950492,184.44955
0.68686867,0.47474748,0.3066782,0.10101156,185.03592
0.6969697,0.47474748,0.3111658,0.10251906,186.66536
0.7070707,0.47474748,0.31563854,0.104024865,187.2465
0.7171717,0.47474748,0.32011756,0.105530895,188.76344
0.72727275,0.47474748,0.3246051,0.10703673,191.10442
0.7373737,0.47474748,0.3291034,0.10854288,191.05226
0.74747473,0.47474748,0.33355957,0.110047534,193.28221
0.75757575,0.47474748,0.33804578,0.11155232,193.59589
0.7676768,0.47474748,0.34253952,0.11305702,195.539
0.7777778,0.47474748,0.34701815,0.11456286,196.91884
0.7878788,0.47474748,0.35152525,0.11606909,197.4307
0.7979798,0.47474748,0.35599044,0.11757238,199.63234
0.8080808,0.47474748,0.36048216,0.11907825,200.17102
0.8181818,0.47474748,0.36494273,0.1205818,201.76619
0.82828283,0.47474748,0.36942688,0.12208509,202.54105
0.83838385,0.47474748,0.37392223,0.12358976,203.57742
0.8484849,0.47474748,0.37839773,0.12509426,205.23965
0.85858583,0.47474748,0.38288245,0.12659824,205.43486
0.86868685,0.47474748,0.387373,0.12810321,207.41672
0.8787879,0.47474748,0.39183417,0.12960668,209.28233
0.8888889,0.47474748,0.39633185,0.13111132,209.96184
0.8989899,0.47474748,0.40081447,0.13261674,211.7753
0.90909094,0.47474748,0.40528476,0.13412014,211.96603
0.9191919,0.47474748,0.4097679,0.13562566,213.32503
0.9292929,0.47474748,0.41424674,0.13712895,214.73318
0.93939394,0.47474748,0.41872507,0.1386338,216.82083
0.94949496,0.47474748,0.4232043,0.14013958,217.33493
0.959596,0.47474748,0.42770582,0.14164448,217.99951
0.969697,0.47474748,0.43214968,0.14314912,219.66547
0.97979796,0.47474748,0.43664253,0.14465278,222.10925
0.989899,0.47474748,0.4411128,0.14615819,223.30582
1.0,0.47474748,0.4455802,0.14766508,223.58894
0.0,0.4848485,0.0,-0.0,0.0
0.01010101,0.4848485,0.004693548,0.00025817883,107.07858
0.02020202,0.4848485,0.009342211,0.0017153407,103.65967
0.030303031,0.4848485,0.01394922,0.0031366232,105.09659
0.04040404,0.4848485,0.018608619,0.004560138,108.34546
0.05050505,0.4848485,0.023346648,0.006064643,105.308044
0.060606062,0.4848485,0.028088668,0.0074899853,109.724
0.07070707,0.4848485,0.032841433,0.008986397,108.06248
0.08080808,0.4848485,0.037576508,0.0104505,109.793434
0.09090909,0.4848485,0.0422981,0.011923574,111.516846
0.1010101,0.4848485,0.04701334,0.013421601,111.625435
0.11111111,0.4848485,0.051722035,0.01492547,111.94711
0.121212125,0.4848485,0.05642402,0.016426953,113.16855
0.13131313,0.4848485,0.061125323,0.01792707,115.14798
0.14141414,0.4848485,0.065817244,0.019429851,117.16429
0.15151516,0.4848485,0.070503645,0.020937165,119.17949
0.16161616,0.4848485,0.075191036,0.022451397,120.84339
0.17171717,0.4848485,0.079870954,0.02397013,122.3322
0.18181819,0.4848485,0.084554605,0.025492532,123.40657
0.1919192,0.4848485,0.089223355,0.027016696,124.57296
0.2020202,0.4848485,0.09389531,0.028541932,125.52701
0.21212122,0.4848485,0.098573245,0.030067166,126.54979
0.22222222,0.4848485,0.10324221,0.031591926,127.58635
0.23232323,0.4848485,0.107918486,0.033116084,128.57318
0.24242425,0.4848485,0.11258761,0.034639373,129.70567
0.25252524,0.4848485,0.1172587,0.036160987,131.13692
0.26262626,0.4848485,0.121932425,0.037683185,132.25749
0.27272728,0.4848485,0.12660545,0.03920357,133.16312
0.28282827,0.4848485,0.13126972,0.040723708,134.97696
0.2929293,0.4848485,0.1359422,0.042243183,136.30055
0.3030303,0.4848485,0.14060965,0.043763652,137.46582
0.3131313,0.4848485,0.14527793,0.045281995,138.86206
0.32323232,0.4848485,0.1499437,0.046800785,140.24564
0.33333334,0.4848485,0.15459889,0.04831895,141.37178
0.34343433,0.4848485,0.15926461,0.04983704,142.9282
0.35353535,0.4848485,0.16392322,0.051354904,144.18959
0.36363637,0.4848485,0.16857791,0.05287181,145.76428
0.37373737,0.4848485,0.17322917,0.054389976,147.00554
0.3838384,0.4848485,0.17789105,0.055907194,148.29413
0.3939394,0.4848485,0.18253532,0.05742422,149.86359
0.4040404,0.4848485,0.18720117,0.058940984,150.88133
0.41414142,0.4848485,0.19184521,0.06045802,152.28651
0.42424244,0.4848485,0.19647904,0.061976124,153.31395
0.43434343,0.4848485,0.20111693,0.063491404,154.55931
0.44444445,0.4848485,0.20576893,0.06500858,156.13213
0.45454547,0.4848485,0.21041018,0.0665242,157.5917
0.46464646,0.4848485,0.21504363,0.06804067,158.46938
0.47474748,0.4848485,0.21968307,0.069557,159.83879
0.4848485,0.4848485,0.22432381,0.071072824,161.10837
0.4949495,0.4848485,0.22896981,0.07258865,162.50908
0.5050505,0.4848485,0.23360066,0.0741046,163.49629
0.5151515,0.4848485,0.23823783,0.07561954,164.47305
0.5252525,0.4848485,0.24287824,0.077135734,166.06078
0.53535354,0.4848485,0.24752124,0.078650914,167.62018
0.54545456,0.4848485,0.2521496,0.0801658,168.28328
0.5555556,0.4848485,0.25679913,0.08168101,169.6758
0.56565654,0.4848485,0.26143107,0.08319585,170.18616
0.57575756,0.4848485,0.26608554,0.08471254,171.87149
0.5858586,0.4848485,0.2707246,0.086226575,173.12766
0.5959596,0.4848485,0.27533782,0.087740526,174.53284
0.6060606,0.4848485,0.27997267,0.08925418,175.91267
0.61616164,0.4848485,0.2846417,0.09076924,177.16512
0.6262626,0.4848485,0.2892603,0.09228252,177.83568
0.6363636,0.4848485,0.29390576,0.09379593,179.23415
0.64646465,0.4848485,0.2985327,0.09530992,180.64975
0.65656567,0.4848485,0.3031687,0.09682237,181.64218
0.6666667,0.4848485,0.3078088,0.09833563,182.65546
0.67676765,0.4848485,0.31244954,0.09984714,184.2849
0.68686867,0.4848485,0.31709322,0.101361126,185.52765
0.6969697,0.4848485,0.32171813,0.10287338,186.74135
0.7070707,0.4848485,0.32634374,0.10438347,188.037
0.7171717,0.4848485,0.3309924,0.10589645,189.89594
0.72727275,0.4848485,0.3356204,0.10740736,191.07162
0.7373737,0.4848485,0.34027547,0.10891867,191.1603
0.74747473,0.4848485,0.34489906,0.11042918,193.38205
0.75757575,0.4848485,0.34952384,0.111939035,194.80959
0.7676768,0.4848485,0.35417914,0.11345146,195.37807
0.7777778,0.4848485,0.35879904,0.11496101,197.01645
0.7878788,0.4848485,0.36347538,0.116473414,197.9813
0.7979798,0.4848485,0.3680849,0.11798292,198.62279
0.8080808,0.4848485,0.37271377,0.11949229,200.35431
0.8181818,0.4848485,0.3773506,0.12100212,202.22961
0.82828283,0.4848485,0.3819898,0.122512035,203.50813
0.83838385,0.4848485,0.3866276,0.12402269,204.88501
0.8484849,0.4848485,0.3912673,0.1255323,205.40804
0.85858583,0.4848485,0.39593136,0.12704368,206.12032
0.86868685,0.4848485,0.40055183,0.12855227,207.94272
0.8787879,0.4848485,0.40516403,0.13006066,209.45221
0.8888889,0.4848485,0.4097954,0.13156994,210.29413
0.8989899,0.4848485,0.41443184,0.13308142,211.59203
0.90909094,0.4848485,0.41906956,0.13458996,213.68712
0.9191919,0.4848485,0.42369452,0.13610104,214.5201
0.9292929,0.4848485,0.42834207,0.13761161,215.86269
0.93939394,0.4848485,0.4329608,0.13912092,216.72696
0.94949496,0.4848485,0.43757832,0.14063075,218.07254
0.959596,0.4848485,0.44222683,0.14214203,219.48367
0.969697,0.4848485,0.44685313,0.14365138,220.88141
0.97979796,0.4848485,0.45150742,0.14516264,221.34781
0.989899,0.4848485,0.4561029,0.14667247,224.16711
1.0,0.4848485,0.4607459,0.14818347,225.42775
0.0,0.4949495,0.0,-0.0,0.0
0.01010101,0.4949495,0.0048274836,0.0002625072,106.723595
0.02020202,0.4949495,0.009620116,0.0017198591,103.36871
0.030303031,0.4949495,0.014372358,0.0031449853,104.99202
0.04040404,0.4949495,0.01917819,0.0045709987,108.5619
0.05050505,0.4949495,0.024066862,0.0060802586,105.24257
0.060606062,0.4949495,0.028959192,0.0075087007,109.86198
0.07070707,0.4949495,0.033859167,0.009009831,108.08353
0.08080808,0.4949495,0.03874279,0.010474001,110.00875
0.09090909,0.4949495,0.043618,0.011951918,111.539665
0.1010101,0.4949495,0.04848312,0.013453748,111.49179
0.11111111,0.4949495,0.05334357,0.014960422,111.86777
0.121212125,0.4949495,0.058199227,0.016465008,112.93944
0.13131313,0.4949495,0.06305657,0.017966619,115.0962
0.14141414,0.4949495,0.067901105,0.019471627,117.21831
0.15151516,0.4949495,0.072744675,0.02098237,119.2674
0.16161616,0.4949495,0.07758602,0.022500362,120.8635
0.17171717,0.4949495,0.08241393,0.024021426,122.46128
0.18181819,0.4949495,0.08724844,0.025547644,123.613884
0.1919192,0.4949495,0.09208637,0.027076043,124.55564
0.2020202,0.4949495,0.09691284,0.028604489,125.784615
0.21212122,0.4949495,0.10173876,0.030132795,126.89624
0.22222222,0.4949495,0.10656858,0.031660527,127.88512
0.23232323,0.4949495,0.11139054,0.033188097,129.09956
0.24242425,0.4949495,0.11621518,0.03471496,130.11508
0.25252524,0.4949495,0.12104839,0.036241118,131.16077
0.26262626,0.4949495,0.12588316,0.03776626,132.30145
0.27272728,0.4949495,0.1307065,0.03929034,133.80945
0.28282827,0.4949495,0.1355319,0.040814433,135.01793
0.2929293,0.4949495,0.1403471,0.042336956,136.57175
0.3030303,0.4949495,0.14517626,0.043861367,137.64091
0.3131313,0.4949495,0.14999506,0.045382872,139.22676
0.32323232,0.4949495,0.15480304,0.04690584,140.3451
0.33333334,0.4949495,0.15963387,0.04842898,141.75772
0.34343433,0.4949495,0.16444819,0.049950644,142.92523
0.35353535,0.4949495,0.169265,0.051472336,144.32669
0.36363637,0.4949495,0.17407972,0.052994445,145.62271
0.37373737,0.4949495,0.1788783,0.054515604,147.14822
0.3838384,0.4949495,0.18369047,0.056036174,148.44424
0.3939394,0.4949495,0.18850239,0.057557393,150.02563
0.4040404,0.4949495,0.1933062,0.059078712,151.56679
0.41414142,0.4949495,0.19809951,0.06059941,152.7656
0.42424244,0.4949495,0.20291092,0.06212271,153.3851
0.43434343,0.4949495,0.20769604,0.063642025,155.2023
0.44444445,0.4949495,0.21249175,0.06516286,156.17162
0.45454547,0.4949495,0.2172992,0.06668339,157.772
0.46464646,0.4949495,0.22208874,0.068204194,158.97081
0.47474748,0.4949495,0.22688955,0.06972468,159.771
0.4848485,0.4949495,0.23168892,0.07124522,161.40565
0.4949495,0.4949495,0.23647694,0.07276515,162.56422
0.5050505,0.4949495,0.24127124,0.07428505,163.59314
0.5151515,0.4949495,0.24606766,0.0758059,165.01099
0.5252525,0.4949495,0.25085723,0.07732508,165.83427
0.53535354,0.4949495,0.25564978,0.07884503,167.73865
0.54545456,0.4949495,0.26044452,0.08036441,168.48817
0.5555556,0.4949495,0.26523104,0.08188401,169.71304
0.56565654,0.4949495,0.27002427,0.083404735,171.2367
0.57575756,0.4949495,0.27481508,0.08492371,172.0719
0.5858586,0.4949495,0.27961287,0.086443216,173.04868
0.5959596,0.4949495,0.284383,0.08796069,174.23927
0.6060606,0.4949495,0.2892019,0.089480184,175.95888
0.61616164,0.4949495,0.29399586,0.09099864,177.0951
0.6262626,0.4949495,0.29878214,0.09251627,179.1112
0.6363636,0.4949495,0.30355605,0.09403449,180.09842
0.64646465,0.4949495,0.30837572,0.095552765,181.61386
0.65656567,0.4949495,0.31315094,0.0970707,181.8277
0.6666667,0.4949495,0.31795123,0.098587245,183.64043
0.67676765,0.4949495,0.32272425,0.1001042,185.03964
0.68686867,0.4949495,0.32751316,0.101621054,185.90614
0.6969697,0.4949495,0.33231393,0.1031374,186.8181
0.7070707,0.4949495,0.33711004,0.10465431,188.79994
0.7171717,0.4949495,0.3418932,0.10616955,189.82962
0.72727275,0.4949495,0.34668162,0.107685536,190.64844
0.7373737,0.4949495,0.35147947,0.109201826,192.30843
0.74747473,0.4949495,0.35625765,0.11071617,194.4527
0.75757575,0.4949495,0.3610718,0.112232804,194.60544
0.7676768,0.4949495,0.36584395,0.113746084,196.37943
0.7777778,0.4949495,0.370619,0.11526153,197.7168
0.7878788,0.4949495,0.3754185,0.11677552,199.5273
0.7979798,0.4949495,0.3802397,0.11829157,200.1688
0.8080808,0.4949495,0.38501385,0.11980679,201.00475
0.8181818,0.4949495,0.38981232,0.12132121,202.06123
0.82828283,0.4949495,0.3945984,0.12283548,203.1386
0.83838385,0.4949495,0.39937446,0.124347635,205.15099
0.8484849,0.4949495,0.40417215,0.12586196,205.39165
0.85858583,0.4949495,0.40895346,0.1273781,207.44652
0.86868685,0.4949495,0.4137394,0.12889016,207.8101
0.8787879,0.4949495,0.41853544,0.13040523,210.45059
0.8888889,0.4949495,0.42332765,0.13191804,211.32379
0.8989899,0.4949495,0.42812034,0.13343388,211.16585
0.90909094,0.4949495,0.4328804,0.13494453,213.00763
0.9191919,0.4949495,0.43767864,0.13646026,214.6244
0.9292929,0.4949495,0.44246483,0.13797429,216.1637
0.93939394,0.4949495,0.44726226,0.13948959,216.20244
0.94949496,0.4949495,0.45205295,0.14100344,217.23509
0.959596,0.4949495,0.45681372,0.14251837,219.6148
0.969697,0.4949495,0.4616119,0.14403136,220.72195
0.97979796,0.4949495,0.46638763,0.1455473,221.69054
0.989899,0.4949495,0.47119364,0.14706312,223.25366
1.0,0.4949495,0.47598952,0.14857778,225.77942
0.0,0.5050505,0.0,-0.0,0.0
0.01010101,0.5050505,0.004961483,0.00026649033,106.36677
0.02020202,0.5050505,0.009898256,0.0017198689,103.24031
0.030303031,0.5050505,0.014795691,0.0031510897,104.80236
0.04040404,0.5050505,0.019751046,0.004579235,108.7001
0.05050505,0.5050505,0.024788791,0.0060913,105.0733
0.060606062,0.5050505,0.02982713,0.0075203255,110.10608
0.07070707,0.5050505,0.034880865,0.009024428,108.13661
0.08080808,0.5050505,0.03991403,0.010489643,110.17006
0.09090909,0.5050505,0.044939455,0.011970812,111.65813
0.1010101,0.5050505,0.04995742,0.013476684,111.47614
0.11111111,0.5050505,0.054965585,0.0149845,111.67191
0.121212125,0.5050505,0.059979476,0.016488701,113.13688
0.13131313,0.5050505,0.064988516,0.017991666,115.14835
0.14141414,0.5050505,0.06998661,0.019498989,117.25873
0.15151516,0.5050505,0.07498039,0.02101053,119.33036
0.16161616,0.5050505,0.079978175,0.022529837,121.08888
0.17171717,0.5050505,0.08496654,0.0240536,122.5112
0.18181819,0.5050505,0.08995601,0.025581693,123.76793
0.1919192,0.5050505,0.09494538,0.027112158,124.86838
0.2020202,0.5050505,0.09992618,0.028643029,125.76562
0.21212122,0.5050505,0.10490674,0.030172657,126.89382
0.22222222,0.5050505,0.10989458,0.03170348,128.01514
0.23232323,0.5050505,0.11487785,0.03323264,129.06194
0.24242425,0.5050505,0.11986375,0.034761045,130.33003
0.25252524,0.5050505,0.12485001,0.036289155,131.2986
0.26262626,0.5050505,0.1298293,0.037816506,132.83305
0.27272728,0.5050505,0.13481385,0.039343584,133.7111
0.28282827,0.5050505,0.13978088,0.040869333,134.96577
0.2929293,0.5050505,0.14476874,0.042395685,136.36723
0.3030303,0.5050505,0.14973803,0.043920558,137.67369
0.3131313,0.5050505,0.15472437,0.045445997,139.17313
0.32323232,0.5050505,0.15968074,0.046970613,140.512
0.33333334,0.5050505,0.16467354,0.048495673,141.92499
0.34343433,0.5050505,0.16964269,0.0500204,143.3
0.35353535,0.5050505,0.1746216,0.051545184,144.0391
0.36363637,0.5050505,0.17957042,0.053068493,145.71808
0.37373737,0.5050505,0.1845362,0.054593198,147.12662
0.3838384,0.5050505,0.18950507,0.056117564,148.3392
0.3939394,0.5050505,0.19448099,0.05764211,149.62256
0.4040404,0.5050505,0.19942428,0.059165284,151.13689
0.41414142,0.5050505,0.20438045,0.06068977,152.35394
0.42424244,0.5050505,0.20935795,0.062214036,153.93011
0.43434343,0.5050505,0.21429498,0.06373726,155.1725
0.44444445,0.5050505,0.21925615,0.06526104,156.49945
0.45454547,0.5050505,0.2242072,0.066784814,157.83607
0.46464646,0.5050505,0.22914171,0.068307884,159.13173
0.47474748,0.5050505,0.23410076,0.069831744,160.08615
0.4848485,0.5050505,0.23905425,0.071355164,161.77744
0.4949495,0.5050505,0.24400331,0.072878346,163.18187
0.5050505,0.5050505,0.24894407,0.07440182,163.55067
0.5151515,0.5050505,0.25388077,0.07592396,165.74785
0.5252525,0.5050505,0.25883552,0.0774481,166.05481
0.53535354,0.5050505,0.2637984,0.07897101,167.6567
0.54545456,0.5050505,0.26872396,0.08049353,169.1401
0.5555556,0.5050505,0.27370033,0.0820178,170.22565
0.56565654,0.5050505,0.27863032,0.083539605,170.80157
0.57575756,0.5050505,0.28357694,0.085061744,172.35503
0.5858586,0.5050505,0.28852254,0.08658369,173.06284
0.5959596,0.5050505,0.29346123,0.08810533,175.05437
0.6060606,0.5050505,0.29841682,0.08962748,176.75981
0.61616164,0.5050505,0.30336758,0.09114883,177.27539
0.6262626,0.5050505,0.3083192,0.0926716,178.92271
0.6363636,0.5050505,0.31324345,0.09419186,179.96431
0.64646465,0.5050505,0.31821454,0.09571237,181.65857
0.65656567,0.5050505,0.32314673,0.0972328,182.79926
0.6666667,0.5050505,0.32810214,0.09875543,184.00029
0.67676765,0.5050505,0.33304396,0.10027449,185.11116
0.68686867,0.5050505,0.3379745,0.101793446,185.45166
0.6969697,0.5050505,0.3429297,0.10331353,187.88278
0.7070707,0.5050505,0.34786955,0.104832985,189.20526
0.7171717,0.5050505,0.35282558,0.106352985,189.96745
0.72727275,0.5050505,0.357753,0.107871115,191.4464
0.7373737,0.5050505,0.36270154,0.10938956,192.72044
0.74747473,0.5050505,0.36767048,0.11091005,193.41707
0.75757575,0.5050505,0.37260997,0.11242682,196.00615
0.7676768,0.5050505,0.37753624,0.11394495,196.73705
0.7777778,0.5050505,0.38249138,0.115463056,197.30106
0.7878788,0.5050505,0.38743088,0.11698053,199.48856
0.7979798,0.5050505,0.39238754,0.11849891,200.79688
0.8080808,0.5050505,0.3973128,0.12001472,202.9404
0.8181818,0.5050505,0.40227106,0.12153349,203.10133
0.82828283,0.5050505,0.40721717,0.12305105,204.75388
0.83838385,0.5050505,0.41214663,0.12456712,205.27989
0.8484849,0.5050505,0.41711107,0.12608469,206.26784
0.85858583,0.5050505,0.42202866,0.12760088,207.40778
0.86868685,0.5050505,0.42699495,0.12912026,207.79222
0.8787879,0.5050505,0.43189448,0.13063517,210.27475
0.8888889,0.5050505,0.43687406,0.13215274,210.11383
0.8989899,0.5050505,0.44181663,0.13367109,212.03757
0.90909094,0.5050505,0.44676784,0.1351894,212.74536
0.9191919,0.5050505,0.45168674,0.1367048,213.99557
0.9292929,0.5050505,0.45663783,0.13822292,214.26231
0.93939394,0.5050505,0.46157846,0.13974127,217.33194
0.94949496,0.5050505,0.46654564,0.14125736,217.17847
0.959596,0.5050505,0.4714683,0.14277574,219.0873
0.969697,0.5050505,0.47639132,0.14429049,220.15125
0.97979796,0.5050505,0.48134524,0.14580844,222.2851
0.989899,0.5050505,0.48627812,0.14732751,225.10738
1.0,0.5050505,0.49119398,0.14884448,225.23552
0.0,0.5151515,0.0,-0.0,0.0
0.01010101,0.5151515,0.005095827,0.0002636204,106.67212
0.02020202,0.5151515,0.01017608,0.0017202648,102.921364
0.030303031,0.5151515,0.015220006,0.0031525972,104.68294
0.04040404,0.5151515,0.020323502,0.0045832284,108.79478
0.05050505,0.5151515,0.025508622,0.0060953507,105.123085
0.060606062,0.5151515,0.030700492,0.0075273006,110.179794
0.07070707,0.5151515,0.035900112,0.0090297945,108.35631
0.08080808,0.5151515,0.04108704,0.010496006,110.505424
0.09090909,0.5151515,0.046260186,0.011980272,111.656265
0.1010101,0.5151515,0.05143008,0.013486954,111.37621
0.11111111,0.5151515,0.056596026,0.014994814,111.77333
0.121212125,0.5151515,0.061758917,0.016498594,113.28719
0.13131313,0.5151515,0.06691953,0.018001525,115.14481
0.14141414,0.5151515,0.07207592,0.019508982,117.17193
0.15151516,0.5151515,0.07722523,0.021021299,119.37395
0.16161616,0.5151515,0.08237149,0.022541748,121.058334
0.17171717,0.5151515,0.08752346,0.024066491,122.61439
0.18181819,0.5151515,0.09266133,0.025595166,123.74483
0.1919192,0.5151515,0.09780424,0.027125321,124.883835
0.2020202,0.5151515,0.10294741,0.028656479,125.89134
0.21212122,0.5151515,0.108087815,0.030188313,127.153656
0.22222222,0.5151515,0.113228835,0.03171852,128.22151
0.23232323,0.5151515,0.11836165,0.03324798,129.35735
0.24242425,0.5151515,0.12350616,0.034777727,130.35051
0.25252524,0.5151515,0.12864263,0.036306825,131.25911
0.26262626,0.5151515,0.13378255,0.037834793,132.94443
0.27272728,0.5151515,0.13891642,0.039362647,133.90034
0.28282827,0.5151515,0.14405222,0.04088943,135.24368
0.2929293,0.5151515,0.14918213,0.042415842,136.31694
0.3030303,0.5151515,0.15431942,0.043942932,137.84915
0.3131313,0.5151515,0.15944766,0.04546847,139.0893
0.32323232,0.5151515,0.16458641,0.046995495,140.17932
0.33333334,0.5151515,0.16971506,0.048521284,141.70483
0.34343433,0.5151515,0.17484386,0.05004741,143.08244
0.35353535,0.5151515,0.17996849,0.05157285,144.42242
0.36363637,0.5151515,0.18509528,0.05309902,145.74565
0.37373737,0.5151515,0.1902036,0.05462347,147.23055
0.3838384,0.5151515,0.19533029,0.05614952,148.28741
0.3939394,0.5151515,0.20043892,0.057675052,150.50992
0.4040404,0.5151515,0.20555471,0.05920124,151.10559
0.41414142,0.5151515,0.21068218,0.060726233,152.78346
0.42424244,0.5151515,0.21578002,0.062251884,153.88466
0.43434343,0.5151515,0.22089803,0.06377725,155.43774
0.44444445,0.5151515,0.22599325,0.06530236,156.6179
0.45454547,0.5151515,0.23111522,0.066827856,157.73923
0.46464646,0.5151515,0.2362157,0.06835292,159.81943
0.47474748,0.5151515,0.24132538,0.069878265,160.62558
0.4848485,0.5151515,0.24641992,0.07140332,161.94434
0.4949495,0.5151515,0.25152662,0.07292797,162.97177
0.5050505,0.5151515,0.2566169,0.07445265,164.70328
0.5151515,0.5151515,0.26174793,0.07597853,165.85365
0.5252525,0.5151515,0.2668454,0.07750305,166.4929
0.53535354,0.5151515,0.27193454,0.07902803,167.9711
0.54545456,0.5151515,0.27703223,0.08055172,169.19896
0.5555556,0.5151515,0.2821416,0.08207744,170.3918
0.56565654,0.5151515,0.2872447,0.08360189,171.25458
0.57575756,0.5151515,0.29233515,0.08512626,172.75066
0.5858586,0.5151515,0.2974504,0.08664999,174.01129
0.5959596,0.5151515,0.30255017,0.08817378,175.94025
0.6060606,0.5151515,0.3076573,0.08969711,176.56311
0.61616164,0.5151515,0.3127608,0.09122227,177.99214
0.6262626,0.5151515,0.31786034,0.09274531,179.0002
0.6363636,0.5151515,0.3229497,0.09426738,180.44337
0.64646465,0.5151515,0.3280532,0.09579015,181.74722
0.65656567,0.5151515,0.3331532,0.097311854,182.27324
0.6666667,0.5151515,0.33826098,0.098835535,183.9891
0.67676765,0.5151515,0.3433568,0.10035681,185.4688
0.68686867,0.5151515,0.34847778,0.10187898,186.2809
0.6969697,0.5151515,0.3535719,0.10340133,187.75537
0.7070707,0.5151515,0.35866323,0.104922324,188.75525
0.7171717,0.5151515,0.36376223,0.106442004,190.79968
0.72727275,0.5151515,0.3688663,0.10796324,192.06851
0.7373737,0.5151515,0.37396595,0.10948384,192.62433
0.74747473,0.5151515,0.37907907,0.11100521,194.95786
0.75757575,0.5151515,0.38415465,0.112523854,195.17168
0.7676768,0.5151515,0.38926804,0.11404454,196.92853
0.7777778,0.5151515,0.39436448,0.115565486,198.5237
0.7878788,0.5151515,0.3994492,0.11708405,199.72623
0.7979798,0.5151515,0.40455416,0.11860329,201.80345
0.8080808,0.5151515,0.40964925,0.12012357,201.07776
0.8181818,0.5151515,0.41475397,0.12164262,203.49324
0.82828283,0.5151515,0.41983742,0.12316185,204.46033
0.83838385,0.5151515,0.42495584,0.12468095,206.02643
0.8484849,0.5151515,0.43005562,0.12620015,207.11423
0.85858583,0.5151515,0.43517494,0.12771918,207.97699
0.86868685,0.5151515,0.44024447,0.12923841,209.0037
0.8787879,0.5151515,0.44534373,0.13075714,210.43867
0.8888889,0.5151515,0.45043775,0.13227521,210.32393
0.8989899,0.5151515,0.45552173,0.13379358,211.99136
0.90909094,0.5151515,0.4606363,0.1353129,213.27435
0.9191919,0.5151515,0.46572933,0.13683218,214.99396
0.9292929,0.5151515,0.47080538,0.13834956,216.43489
0.93939394,0.5151515,0.4759134,0.13987006,216.98921
0.94949496,0.5151515,0.48100474,0.1413882,218.07254
0.959596,0.5151515,0.48608944,0.14290658,220.64894
0.969697,0.5151515,0.4911926,0.14442587,220.9589
0.97979796,0.5151515,0.49631032,0.14594646,222.37599
0.989899,0.5151515,0.5013987,0.14746727,223.28049
1.0,0.5151515,0.50648034,0.14898653,225.63637
0.0,0.5252525,0.0,-0.0,0.0
0.01010101,0.5252525,0.005230184,0.00026447076,106.5532
0.02020202,0.5252525,0.010453169,0.0017203869,102.40652
0.030303031,0.5252525,0.01564457,0.0031539653,104.33569
0.04040404,0.5252525,0.020896778,0.0045837616,108.91622
0.05050505,0.5252525,0.026231613,0.006093134,105.173935
0.060606062,0.5252525,0.03157056,0.0075280205,110.152596
0.07070707,0.5252525,0.036921952,0.009028858,108.41172
0.08080808,0.5252525,0.04225832,0.010495045,110.62827
0.09090909,0.5252525,0.047582306,0.011981163,111.639595
0.1010101,0.5252525,0.05290504,0.013486986,111.2787
0.11111111,0.5252525,0.058223017,0.01499335,111.78022
0.121212125,0.5252525,0.06353516,0.016495636,113.14526
0.13131313,0.5252525,0.068855375,0.01799675,115.43129
0.14141414,0.5252525,0.07416532,0.01950304,117.53254
0.15151516,0.5252525,0.07946619,0.02101552,119.52426
0.16161616,0.5252525,0.084771335,0.02253483,121.24609
0.17171717,0.5252525,0.09008092,0.024059795,122.5587
0.18181819,0.5252525,0.09537537,0.025586985,123.76439
0.1919192,0.5252525,0.10066891,0.027116144,124.957596
0.2020202,0.5252525,0.10596967,0.028646942,126.31454
0.21212122,0.5252525,0.11126826,0.030177493,127.22649
0.22222222,0.5252525,0.116558515,0.03170719,128.36195
0.23232323,0.5252525,0.121848665,0.03323609,129.503
0.24242425,0.5252525,0.12714958,0.03476486,130.52411
0.25252524,0.5252525,0.13244198,0.036292784,131.71173
0.26262626,0.5252525,0.13773966,0.03782075,132.85205
0.27272728,0.5252525,0.14303161,0.039347712,133.92456
0.28282827,0.5252525,0.14832461,0.040874302,135.14534
0.2929293,0.5252525,0.15361115,0.042401075,136.54716
0.3030303,0.5252525,0.1588962,0.043927044,137.92924
0.3131313,0.5252525,0.16419764,0.045453206,138.93024
0.32323232,0.5252525,0.16947879,0.046979077,140.5213
0.33333334,0.5252525,0.1747617,0.048504565,141.90749
0.34343433,0.5252525,0.18004589,0.050030418,143.31342
0.35353535,0.5252525,0.18532307,0.051555708,144.67984
0.36363637,0.5252525,0.1905983,0.05308126,145.92372
0.37373737,0.5252525,0.19586934,0.05460662,147.59265
0.3838384,0.5252525,0.20114623,0.0561327,148.81491
0.3939394,0.5252525,0.20642106,0.057658695,150.23128
0.4040404,0.5252525,0.21167968,0.059183583,151.79665
0.41414142,0.5252525,0.21696597,0.06071053,152.47725
0.42424244,0.5252525,0.22222315,0.06223523,154.26576
0.43434343,0.5252525,0.22748241,0.06376069,156.04495
0.44444445,0.5252525,0.23275362,0.06528656,156.78033
0.45454547,0.5252525,0.23803204,0.06681185,158.2399
0.46464646,0.5252525,0.24328797,0.068337865,159.84029
0.47474748,0.5252525,0.24855079,0.06986356,161.01674
0.4848485,0.5252525,0.2537874,0.07138809,162.42937
0.4949495,0.5252525,0.25904772,0.07291321,163.5775
0.5050505,0.5252525,0.26431453,0.07443971,164.65337
0.5151515,0.5252525,0.2695727,0.07596415,165.78362
0.5252525,0.5252525,0.27482265,0.077489845,167.32216
0.53535354,0.5252525,0.28008792,0.07901463,168.46284
0.54545456,0.5252525,0.28534648,0.0805411,169.07602
0.5555556,0.5252525,0.29058143,0.08206639,170.33145
0.56565654,0.5252525,0.29585263,0.08359068,172.51671
0.57575756,0.5252525,0.3011027,0.08511626,173.19322
0.5858586,0.5252525,0.30636847,0.08663991,174.26312
0.5959596,0.5252525,0.31164482,0.08816473,175.63924
0.6060606,0.5252525,0.31690317,0.08968914,177.04144
0.61616164,0.5252525,0.32215407,0.091213815,177.8081
0.6262626,0.5252525,0.32741305,0.09273755,178.88248
0.6363636,0.5252525,0.33265972,0.09426028,180.46573
0.64646465,0.5252525,0.33791098,0.09578355,181.93275
0.65656567,0.5252525,0.34317005,0.097307585,182.4662
0.6666667,0.5252525,0.34843773,0.09883011,184.61272
0.67676765,0.5252525,0.35368457,0.100353286,186.03355
0.68686867,0.5252525,0.3589626,0.10187657,186.71005
0.6969697,0.5252525,0.36419654,0.103397734,188.17932
0.7070707,0.5252525,0.36943987,0.10491895,189.48317
0.7171717,0.5252525,0.37471077,0.10644092,190.56424
0.72727275,0.5252525,0.37996948,0.10796238,191.78688
0.7373737,0.5252525,0.3852197,0.10948396,193.71509
0.74747473,0.5252525,0.390466,0.11100406,195.03384
0.75757575,0.5252525,0.3957434,0.112526126,196.80113
0.7676768,0.5252525,0.4009702,0.11404741,196.22668
0.7777778,0.5252525,0.40624282,0.115567096,198.99309
0.7878788,0.5252525,0.41150877,0.11708699,198.80608
0.7979798,0.5252525,0.41676405,0.11860866,200.86691
0.8080808,0.5252525,0.42199284,0.120126925,202.22441
0.8181818,0.5252525,0.42726225,0.12164833,203.49696
0.82828283,0.5252525,0.4325006,0.12316708,204.59741
0.83838385,0.5252525,0.43776453,0.124687895,205.69264
0.8484849,0.5252525,0.44302353,0.12620735,206.61057
0.85858583,0.5252525,0.44826806,0.1277248,208.51791
0.86868685,0.5252525,0.45351204,0.12924641,208.53133
0.8787879,0.5252525,0.45876467,0.13076401,209.9514
0.8888889,0.5252525,0.46400174,0.13228346,211.64119
0.8989899,0.5252525,0.4692483,0.13380384,212.52036
0.90909094,0.5252525,0.47452953,0.13532214,214.4292
0.9191919,0.5252525,0.4797574,0.13684231,214.30553
0.9292929,0.5252525,0.485013,0.13836154,216.74037
0.93939394,0.5252525,0.49027273,0.13988146,216.78358
0.94949496,0.5252525,0.4955104,0.14140122,217.94736
0.959596,0.5252525,0.50076705,0.1429208,220.0827
0.969697,0.5252525,0.5060277,0.1444408,221.27628
0.97979796,0.5252525,0.5112934,0.14596084,223.82886
0.989899,0.5252525,0.51653254,0.14747883,224.99115
1.0,0.5252525,0.5217562,0.14899948,225.67511
0.0,0.53535354,0.0,-0.0,0.0
0.01010101,0.53535354,0.0053639477,0.0002686493,106.08494
0.02020202,0.53535354,0.010730641,0.0017167595,102.07773
0.030303031,0.53535354,0.016068006,0.0031492235,104.24727
0.04040404,0.53535354,0.02146906,0.0045781317,109.08819
0.05050505,0.53535354,0.026952164,0.0060861534,105.21519
0.060606062,0.53535354,0.03244349,0.00752182,110.125305
0.07070707,0.53535354,0.037941627,0.009019296,108.78071
0.08080808,0.53535354,0.043430097,0.010485327,110.83661
0.09090909,0.53535354,0.04890556,0.0119716115,111.66521
0.1010101,0.53535354,0.05437874,0.013476675,111.207275
0.11111111,0.53535354,0.059847876,0.014980368,111.715126
0.121212125,0.53535354,0.06531795,0.016478458,113.44757
0.13131313,0.53535354,0.07078768,0.017977271,115.49425
0.14141414,0.53535354,0.07625343,0.019481797,117.56699
0.15151516,0.53535354,0.081714615,0.02099217,119.812416
0.16161616,0.53535354,0.087172404,0.022508945,121.18835
0.17171717,0.53535354,0.09262788,0.024031458,122.70175
0.18181819,0.53535354,0.09808521,0.025557548,123.868324
0.1919192,0.53535354,0.10354675,0.027084636,125.08258
0.2020202,0.53535354,0.108993255,0.028613307,126.05805
0.21212122,0.53535354,0.11444838,0.03014104,127.367676
0.22222222,0.53535354,0.11989057,0.03166853,128.42975
0.23232323,0.53535354,0.12534425,0.03319573,129.65166
0.24242425,0.53535354,0.13079037,0.034722853,130.88211
0.25252524,0.53535354,0.13624494,0.036248695,131.83392
0.26262626,0.53535354,0.14169133,0.037773915,133.00926
0.27272728,0.53535354,0.147147,0.039299663,134.24307
0.28282827,0.53535354,0.15258463,0.040823974,135.55847
0.2929293,0.53535354,0.1580291,0.04234831,136.62614
0.3030303,0.53535354,0.16348052,0.04387276,138.03766
0.3131313,0.53535354,0.16891809,0.045396946,139.3266
0.32323232,0.53535354,0.17436181,0.0469212,140.6759
0.33333334,0.53535354,0.17981271,0.04844633,141.59605
0.34343433,0.53535354,0.18523638,0.049969506,143.13124
0.35353535,0.53535354,0.1906718,0.051493846,144.63402
0.36363637,0.53535354,0.19609989,0.05301808,145.8373
0.37373737,0.53535354,0.2015325,0.054542415,147.22124
0.3838384,0.53535354,0.2069583,0.05606644,148.76462
0.3939394,0.53535354,0.21239051,0.05759142,149.93549
0.4040404,0.53535354,0.21781127,0.059115343,151.68227
0.41414142,0.53535354,0.22323996,0.060640182,153.22269
0.42424244,0.53535354,0.22867158,0.0621646,154.37715
0.43434343,0.53535354,0.2340921,0.06368885,155.73576
0.44444445,0.53535354,0.23950116,0.06521348,156.97777
0.45454547,0.53535354,0.24491079,0.066737585,158.12517
0.46464646,0.53535354,0.25033417,0.06826206,160.25305
0.47474748,0.53535354,0.2557554,0.06978713,160.96756
0.4848485,0.53535354,0.26116675,0.07131123,162.24161
0.4949495,0.53535354,0.26658192,0.072835736,163.72502
0.5050505,0.53535354,0.27199233,0.0743603,164.77182
0.5151515,0.53535354,0.27741662,0.075885236,165.98254
0.5252525,0.53535354,0.2828249,0.07740987,167.1642
0.53535354,0.53535354,0.2882426,0.0789344,168.77577
0.54545456,0.53535354,0.29364735,0.080458805,169.2608
0.5555556,0.53535354,0.29906845,0.08198292,171.33728
0.56565654,0.53535354,0.30447218,0.08350661,172.46977
0.57575756,0.53535354,0.30988446,0.0850299,173.77138
0.5858586,0.53535354,0.3152931,0.08655427,174.57306
0.5959596,0.53535354,0.3207175,0.0880783,175.75845
0.6060606,0.53535354,0.3261384,0.08960207,176.91328
0.61616164,0.53535354,0.33153877,0.091124915,177.77383
0.6262626,0.53535354,0.33694655,0.09264877,178.85939
0.6363636,0.53535354,0.34235913,0.09417166,180.50372
0.64646465,0.53535354,0.34777194,0.095694326,181.8247
0.65656567,0.53535354,0.35316795,0.0972166,183.75069
0.6666667,0.53535354,0.35859546,0.09873867,184.89734
0.67676765,0.53535354,0.36401454,0.10026099,185.7087
0.68686867,0.53535354,0.3694005,0.10178237,187.51547
0.6969697,0.53535354,0.37483063,0.10330445,188.89233
0.7070707,0.53535354,0.38022986,0.10482599,189.47125
0.7171717,0.53535354,0.3856504,0.10634533,191.36816
0.72727275,0.53535354,0.39105892,0.107868075,192.28012
0.7373737,0.53535354,0.3964807,0.10938788,194.13382
0.74747473,0.53535354,0.40190065,0.11090946,195.66939
0.75757575,0.53535354,0.40729406,0.1124289,196.59996
0.7676768,0.53535354,0.4126971,0.11394828,197.57748
0.7777778,0.53535354,0.4181132,0.11546799,199.84543
0.7878788,0.53535354,0.4235227,0.11698822,200.94365
0.7979798,0.53535354,0.42892867,0.11850701,201.44359
0.8080808,0.53535354,0.43433338,0.120025255,203.25557
0.8181818,0.53535354,0.4397175,0.121544,203.83224
0.82828283,0.53535354,0.44515038,0.12306449,205.28584
0.83838385,0.53535354,0.45054933,0.124583505,206.0838
0.8484849,0.53535354,0.45596415,0.12610173,207.8995
0.85858583,0.53535354,0.46140337,0.12762173,209.25105
0.86868685,0.53535354,0.4667822,0.12914018,210.0408
0.8787879,0.53535354,0.47218582,0.13065803,211.9109
0.8888889,0.53535354,0.4776004,0.13217746,212.6366
0.8989899,0.53535354,0.48301703,0.13369684,212.61424
0.90909094,0.53535354,0.48841158,0.13521528,214.76895
0.9191919,0.53535354,0.49380624,0.13673319,216.15923
0.9292929,0.53535354,0.49922132,0.13825169,217.1129
0.93939394,0.53535354,0.5046242,0.13977112,217.86392
0.94949496,0.53535354,0.5100266,0.14129046,219.71465
0.959596,0.53535354,0.51542157,0.14280936,220.79498
0.969697,0.53535354,0.5208331,0.14432864,220.8948
0.97979796,0.53535354,0.5262434,0.14584737,223.59491
0.989899,0.53535354,0.53164136,0.14736651,224.76315
1.0,0.53535354,0.5370559,0.14888649,226.58408
0.0,0.54545456,0.0,-0.0,0.0
0.01010101,0.54545456,0.005498478,0.0002663808,106.22477
0.02020202,0.54545456,0.011006569,0.0017070123,102.04951
0.030303031,0.54545456,0.016490526,0.003146544,103.63674
0.04040404,0.54545456,0.022041125,0.0045698388,109.056946
0.05050505,0.54545456,0.027673053,0.00607225,105.490166
0.060606062,0.54545456,0.033312272,0.0075101755,110.111244
0.07070707,0.54545456,0.03896392,0.009004129,108.82486
0.08080808,0.54545456,0.044598773,0.010466312,110.96122
0.09090909,0.54545456,0.050229363,0.011952226,111.615845
0.1010101,0.54545456,0.055856448,0.013454621,111.268
0.11111111,0.54545456,0.06147891,0.014953074,111.974495
0.121212125,0.54545456,0.06709943,0.016447987,113.495995
0.13131313,0.54545456,0.072724134,0.017943138,115.69839
0.14141414,0.54545456,0.078337364,0.019443791,117.80504
0.15151516,0.54545456,0.08394922,0.020951236,119.63006
0.16161616,0.54545456,0.08956683,0.02246498,121.294334
0.17171717,0.54545456,0.09517296,0.023984218,122.67083
0.18181819,0.54545456,0.100783184,0.025506442,123.97505
0.1919192,0.54545456,0.106396355,0.027030684,124.94996
0.2020202,0.54545456,0.11201133,0.028555382,126.15621
0.21212122,0.54545456,0.11761069,0.030079873,127.48968
0.22222222,0.54545456,0.12321731,0.03160293,128.71773
0.23232323,0.54545456,0.1288279,0.03312708,129.27577
0.24242425,0.54545456,0.13442315,0.03464963,130.49059
0.25252524,0.54545456,0.14002636,0.03617243,132.0649
0.26262626,0.54545456,0.14563367,0.037694845,133.07259
0.27272728,0.54545456,0.151229,0.039216105,134.07506
0.28282827,0.54545456,0.15683569,0.04073774,135.61137
0.2929293,0.54545456,0.1624457,0.04225913,136.74162
0.3030303,0.54545456,0.16804267,0.0437803,138.00375
0.3131313,0.54545456,0.17364056,0.045302052,139.34448
0.32323232,0.54545456,0.17923266,0.046823096,140.6435
0.33333334,0.54545456,0.18483382,0.048344653,142.1541
0.34343433,0.54545456,0.19042757,0.049865533,143.15657
0.35353535,0.54545456,0.19601122,0.05138673,145.00282
0.36363637,0.54545456,0.20159996,0.0529083,145.97774
0.37373737,0.54545456,0.20718747,0.0544296,147.44438
0.3838384,0.54545456,0.21277155,0.055951666,149.19788
0.3939394,0.54545456,0.21834512,0.05747341,150.56021
0.4040404,0.54545456,0.22392556,0.05899469,151.92776
0.41414142,0.54545456,0.22951727,0.060516823,153.1817
0.42424244,0.54545456,0.23508339,0.06203861,154.52542
0.43434343,0.54545456,0.24066871,0.0635604,156.2111
0.44444445,0.54545456,0.24624895,0.065082416,157.284
0.45454547,0.54545456,0.25182104,0.066604696,158.35092
0.46464646,0.54545456,0.25739014,0.06812731,159.86934
0.47474748,0.54545456,0.26295653,0.069648616,161.27824
0.4848485,0.54545456,0.2685272,0.07117112,162.79668
0.4949495,0.54545456,0.274099,0.07269375,163.91576
0.5050505,0.54545456,0.2796758,0.07421582,165.1004
0.5151515,0.54545456,0.2852268,0.0757374,166.60243
0.5252525,0.54545456,0.29080635,0.0772602,167.81241
0.53535354,0.54545456,0.29637456,0.078783154,167.9726
0.54545456,0.54545456,0.30194178,0.08030534,169.54616
0.5555556,0.54545456,0.30751067,0.08182712,171.0005
0.56565654,0.54545456,0.31307513,0.083349675,172.64113
0.57575756,0.54545456,0.31863508,0.084870495,173.90996
0.5858586,0.54545456,0.32419842,0.08639178,175.01935
0.5959596,0.54545456,0.32978767,0.087915204,176.33588
0.6060606,0.54545456,0.33534828,0.08943581,177.03175
0.61616164,0.54545456,0.3409094,0.09095733,178.83554
0.6262626,0.54545456,0.3464819,0.09247859,179.7691
0.6363636,0.54545456,0.35204422,0.09399841,182.04227
0.64646465,0.54545456,0.35761294,0.09552029,182.55562
0.65656567,0.54545456,0.363185,0.09704028,183.86691
0.6666667,0.54545456,0.3687505,0.09855967,185.3466
0.67676765,0.54545456,0.3743205,0.100080416,186.01492
0.68686867,0.54545456,0.37987885,0.10160001,187.6086
0.6969697,0.54545456,0.38544294,0.1031202,188.45648
0.7070707,0.54545456,0.3910113,0.10463908,190.67227
0.7171717,0.54545456,0.39656988,0.10615758,191.83531
0.72727275,0.54545456,0.40214804,0.10767614,193.38132
0.7373737,0.54545456,0.40772167,0.10919595,194.43036
0.74747473,0.54545456,0.41328064,0.11071315,196.25948
0.75757575,0.54545456,0.41883758,0.11223105,197.74884
0.7676768,0.54545456,0.4244099,0.11375084,198.81427
0.7777778,0.54545456,0.42995754,0.115266964,199.48036
0.7878788,0.54545456,0.43551624,0.11678501,201.63655
0.7979798,0.54545456,0.44110847,0.11830333,202.52168
0.8080808,0.54545456,0.44667754,0.119820714,203.48355
0.8181818,0.54545456,0.45224497,0.12133786,204.50279
0.82828283,0.54545456,0.45778337,0.12285406,206.02643
0.83838385,0.54545456,0.46334514,0.12437242,207.21405
0.8484849,0.54545456,0.46891934,0.12588954,207.98743
0.85858583,0.54545456,0.4744722,0.12740485,210.05869
0.86868685,0.54545456,0.48002303,0.1289217,210.38055
0.8787879,0.54545456,0.48559782,0.13044001,211.79318
0.8888889,0.54545456,0.49115828,0.13195585,212.5144
0.8989899,0.54545456,0.49671635,0.13347228,214.13266
0.90909094,0.54545456,0.5022716,0.13498935,215.12062
0.9191919,0.54545456,0.5078423,0.13650711,216.53175
0.9292929,0.54545456,0.5134028,0.1380228,217.35728
0.93939394,0.54545456,0.5189683,0.13954012,217.6553
0.94949496,0.54545456,0.52450866,0.14105679,219.84576
0.959596,0.54545456,0.53006274,0.14257437,221.27032
0.969697,0.54545456,0.5356278,0.14409031,222.73361
0.97979796,0.54545456,0.5411574,0.14560775,223.93465
0.989899,0.54545456,0.546752,0.14712669,226.21005
1.0,0.54545456,0.55230045,0.14864306,227.17714
0.0,0.5555556,0.0,-0.0,0.0
0.01010101,0.5555556,0.005632722,0.00026312438,106.41953
0.02020202,0.5555556,0.011281079,0.001698858,101.78442
0.030303031,0.5555556,0.016913032,0.0031369044,103.43716
0.04040404,0.5555556,0.022614164,0.004559907,108.843765
0.05050505,0.5555556,0.028393524,0.0060546515,105.503624
0.060606062,0.5555556,0.034183227,0.007491127,110.142166
0.07070707,0.5555556,0.03998111,0.008979394,108.93168
0.08080808,0.5555556,0.045766044,0.010439165,111.17952
0.09090909,0.5555556,0.0515457,0.011921806,111.68215
0.1010101,0.5555556,0.057322983,0.013420939,111.30944
0.11111111,0.5555556,0.06309732,0.014913741,112.054405
0.121212125,0.5555556,0.068873435,0.016404603,113.7482
0.13131313,0.5555556,0.07464788,0.017894363,115.89024
0.14141414,0.5555556,0.08042135,0.019389983,117.88998
0.15151516,0.5555556,0.08618845,0.02089283,119.90778
0.16161616,0.5555556,0.09195492,0.022402074,121.254105
0.17171717,0.5555556,0.09772295,0.023916973,122.73118
0.18181819,0.5555556,0.10348627,0.025434485,123.995544
0.1919192,0.5555556,0.10925593,0.026953444,124.85981
0.2020202,0.5555556,0.11501528,0.028472608,126.27635
0.21212122,0.5555556,0.12077649,0.02999154,127.14062
0.22222222,0.5555556,0.12653439,0.031511076,128.4819
0.23232323,0.5555556,0.13229577,0.03302919,129.7921
0.24242425,0.5555556,0.13805364,0.034548018,131.31723
0.25252524,0.5555556,0.1438098,0.03606459,132.19342
0.26262626,0.5555556,0.14956637,0.037581794,133.43245
0.27272728,0.5555556,0.15532483,0.03909907,134.55414
0.28282827,0.5555556,0.1610853,0.040616233,135.7682
0.2929293,0.5555556,0.16683884,0.042133316,136.96887
0.3030303,0.5555556,0.17259823,0.04364974,137.99257
0.3131313,0.5555556,0.17835154,0.04516678,139.30946
0.32323232,0.5555556,0.18409847,0.04668356,140.5403
0.33333334,0.5555556,0.18984766,0.04820082,142.1433
0.34343433,0.5555556,0.19559723,0.04971776,143.44379
0.35353535,0.5555556,0.20133717,0.051234692,144.9842
0.36363637,0.5555556,0.20708896,0.052751966,146.09396
0.37373737,0.5555556,0.21282914,0.05427007,147.70813
0.3838384,0.5555556,0.21857202,0.055787712,149.02167
0.3939394,0.5555556,0.22429787,0.05730442,150.49911
0.4040404,0.5555556,0.23004295,0.05882218,151.85178
0.41414142,0.5555556,0.23578137,0.06034055,152.9131
0.42424244,0.5555556,0.2415113,0.06185913,154.38423
0.43434343,0.5555556,0.24724658,0.063376874,155.89818
0.44444445,0.5555556,0.25296006,0.064894445,157.36967
0.45454547,0.5555556,0.25868565,0.066412516,158.72717
0.46464646,0.5555556,0.26441956,0.067931086,159.84029
0.47474748,0.5555556,0.27014792,0.06944951,161.65599
0.4848485,0.5555556,0.27586833,0.070968,162.98741
0.4949495,0.5555556,0.28159386,0.07248673,164.07892
0.5050505,0.5555556,0.28731257,0.07400543,165.39842
0.5151515,0.5555556,0.29304594,0.07552323,166.31708
0.5252525,0.5555556,0.29876444,0.07704265,168.00761
0.53535354,0.5555556,0.30447865,0.078561135,169.3137
0.54545456,0.5555556,0.31021369,0.080079615,169.9388
0.5555556,0.5555556,0.31593743,0.08159867,171.91843
0.56565654,0.5555556,0.32165506,0.0831163,172.82442
0.57575756,0.5555556,0.3273689,0.08463469,174.48068
0.5858586,0.5555556,0.33311534,0.08615449,175.28757
0.5959596,0.5555556,0.3388441,0.08767393,176.48712
0.6060606,0.5555556,0.3445593,0.08919063,178.01747
0.61616164,0.5555556,0.35026622,0.09070719,179.2796
0.6262626,0.5555556,0.35599905,0.092225455,180.84645
0.6363636,0.5555556,0.36171615,0.093743876,181.3136
0.64646465,0.5555556,0.3674517,0.09526011,182.8894
0.65656567,0.5555556,0.3731465,0.0967762,184.60155
0.6666667,0.5555556,0.37889788,0.09829479,185.12234
0.67676765,0.5555556,0.3845996,0.0998109,186.90378
0.68686867,0.5555556,0.39031497,0.10132734,187.66895
0.6969697,0.5555556,0.39604285,0.10284386,189.86314
0.7070707,0.5555556,0.4017734,0.10435916,191.50227
0.7171717,0.5555556,0.4074858,0.10587494,192.60794
0.72727275,0.5555556,0.4132086,0.107390106,193.61302
0.7373737,0.5555556,0.41893458,0.10890666,195.2313
0.74747473,0.5555556,0.42466182,0.11042192,195.99348
0.75757575,0.5555556,0.43037522,0.111936025,197.38525
0.7676768,0.5555556,0.43609476,0.11345152,198.28827
0.7777778,0.5555556,0.4417953,0.11496637,200.90938
0.7878788,0.5555556,0.44751063,0.116480395,201.45923
0.7979798,0.5555556,0.45322806,0.11799542,202.57681
0.8080808,0.5555556,0.45895734,0.119508594,203.34348
0.8181818,0.5555556,0.46466663,0.12102206,205.24115
0.82828283,0.5555556,0.47037172,0.1225364,205.6703
0.83838385,0.5555556,0.47610086,0.12405089,207.64247
0.8484849,0.5555556,0.4818377,0.1255654,208.48512
0.85858583,0.5555556,0.48754996,0.12707816,209.4686
0.86868685,0.5555556,0.4932572,0.1285918,211.78424
0.8787879,0.5555556,0.49896002,0.13010484,212.4846
0.8888889,0.5555556,0.5046836,0.13161908,213.33694
0.8989899,0.5555556,0.51039934,0.1331326,214.69444
0.90909094,0.5555556,0.5161286,0.13464619,215.23982
0.9191919,0.5555556,0.52180576,0.13615876,217.13376
0.9292929,0.5555556,0.5275515,0.13767307,218.29755
0.93939394,0.5555556,0.5332599,0.13918701,219.61034
0.94949496,0.5555556,0.5389729,0.1406998,220.84862
0.959596,0.5555556,0.5446781,0.14221506,222.56226
0.969697,0.5555556,0.5503932,0.1437272,223.83183
0.97979796,0.5555556,0.5561012,0.14524287,225.7198
0.989899,0.5555556,0.5618127,0.14675593,226.37099
1.0,0.5555556,0.56753755,0.14827205,228.4795
0.0,0.56565654,0.0,-0.0,0.0
0.01010101,0.56565654,0.005766391,0.0002635541,106.17899
0.02020202,0.56565654,0.011554865,0.0016883111,101.531624
0.030303031,0.56565654,0.017334003,0.0031273242,102.939384
0.04040404,0.56565654,0.023181638,0.0045426344,108.83724
0.05050505,0.56565654,0.029108962,0.006029447,105.777985
0.060606062,0.56565654,0.035048924,0.007466683,109.940674
0.07070707,0.56565654,0.04099869,0.008948603,108.98765
0.08080808,0.56565654,0.046931915,0.010403223,111.38385
0.09090909,0.56565654,0.052862972,0.011883527,111.661385
0.1010101,0.56565654,0.0587891,0.0133758485,111.3683
0.11111111,0.56565654,0.06471355,0.014862436,112.26637
0.121212125,0.56565654,0.07063864,0.016345425,113.89479
0.13131313,0.56565654,0.076561704,0.017829211,116.19888
0.14141414,0.56565654,0.082494885,0.019320548,118.0673
0.15151516,0.56565654,0.08841059,0.020817095,119.96701
0.16161616,0.56565654,0.094337195,0.022320753,121.3288
0.17171717,0.56565654,0.10026477,0.02382951,122.53374
0.18181819,0.56565654,0.106171675,0.025340073,123.90688
0.1919192,0.56565654,0.1120951,0.026852686,125.148895
0.2020202,0.56565654,0.11801037,0.028365597,126.25046
0.21212122,0.56565654,0.12391505,0.029878411,127.479065
0.22222222,0.56565654,0.12983853,0.03139071,128.6801
0.23232323,0.56565654,0.135756,0.032903615,129.71088
0.24242425,0.56565654,0.14167358,0.034415018,130.98419
0.25252524,0.56565654,0.14758241,0.035925608,132.40651
0.26262626,0.56565654,0.15349814,0.037437182,133.43282
0.27272728,0.56565654,0.15940481,0.03894733,134.75307
0.28282827,0.56565654,0.16532297,0.04045915,135.98576
0.2929293,0.56565654,0.1712298,0.041969717,137.35146
0.3030303,0.56565654,0.17713979,0.04348132,138.33418
0.3131313,0.56565654,0.18305174,0.044992626,139.51883
0.32323232,0.56565654,0.18896638,0.04650307,140.851
0.33333334,0.56565654,0.19485454,0.048013937,142.07028
0.34343433,0.56565654,0.2007535,0.049525186,143.34135
0.35353535,0.56565654,0.20666467,0.051037244,145.23044
0.36363637,0.56565654,0.2125538,0.052549288,146.21169
0.37373737,0.56565654,0.21844727,0.054060727,147.74612
0.3838384,0.56565654,0.2243449,0.055572763,149.51564
0.3939394,0.56565654,0.23023306,0.05708501,150.65446
0.4040404,0.56565654,0.23612261,0.058597155,151.83017
0.41414142,0.56565654,0.24201389,0.060110215,153.38808
0.42424244,0.56565654,0.24791116,0.061622493,154.89906
0.43434343,0.56565654,0.25378534,0.06313494,156.22824
0.44444445,0.56565654,0.2596704,0.06464719,157.98285
0.45454547,0.56565654,0.26555488,0.06616127,158.8419
0.46464646,0.56565654,0.271438,0.067674056,160.30743
0.47474748,0.56565654,0.27732387,0.06918789,161.62321
0.4848485,0.56565654,0.28319684,0.07070124,163.2318
0.4949495,0.56565654,0.28906995,0.072214596,164.9961
0.5050505,0.56565654,0.29495186,0.073728085,166.07121
0.5151515,0.56565654,0.30084163,0.075242996,166.6002
0.5252525,0.56565654,0.30672428,0.07675723,168.0471
0.53535354,0.56565654,0.3125848,0.07827037,169.39714
0.54545456,0.56565654,0.3184724,0.07978395,169.92986
0.5555556,0.56565654,0.32434344,0.081296384,171.62039
0.56565654,0.56565654,0.33022106,0.082810864,173.10158
0.57575756,0.56565654,0.3360964,0.084323354,174.30037
0.5858586,0.56565654,0.34197283,0.08583846,175.58635
0.5959596,0.56565654,0.3478408,0.08735142,176.81569
0.6060606,0.56565654,0.3537204,0.088864736,177.3797
0.61616164,0.56565654,0.3595865,0.090376325,178.8415
0.6262626,0.56565654,0.36548504,0.09189134,180.21762
0.6363636,0.56565654,0.37134692,0.09340306,182.22258
0.64646465,0.56565654,0.37722477,0.09491527,183.28801
0.65656567,0.56565654,0.38311508,0.0964291,183.8766
0.6666667,0.56565654,0.38899451,0.09794111,184.98302
0.67676765,0.56565654,0.39486372,0.099452406,187.1735
0.68686867,0.56565654,0.40072808,0.100963846,188.03925
0.6969697,0.56565654,0.4065993,0.10247557,189.75511
0.7070707,0.56565654,0.4124766,0.10398764,191.42702
0.7171717,0.56565654,0.41834837,0.10549745,192.43881
0.72727275,0.56565654,0.42422798,0.10700963,194.65312
0.7373737,0.56565654,0.43011317,0.10851954,195.1687
0.74747473,0.56565654,0.43597466,0.110029906,196.4122
0.75757575,0.56565654,0.44184637,0.111540146,198.25398
0.7676768,0.56565654,0.44771752,0.113052286,199.63383
0.7777778,0.56565654,0.45360652,0.11456169,200.8833
0.7878788,0.56565654,0.45946652,0.11607238,200.79985
0.7979798,0.56565654,0.46532896,0.11758142,202.57086
0.8080808,0.56565654,0.47122592,0.119091645,203.57445
0.8181818,0.56565654,0.47707468,0.12060002,204.93417
0.82828283,0.56565654,0.4829467,0.12210929,206.75063
0.83838385,0.56565654,0.48883724,0.12362,207.91292
0.8484849,0.56565654,0.4946849,0.12512797,209.13034
0.85858583,0.56565654,0.50055975,0.12663795,210.19876
0.86868685,0.56565654,0.5064269,0.1281458,211.69334
0.8787879,0.56565654,0.5122945,0.1296542,212.83925
0.8888889,0.56565654,0.51815397,0.1311636,214.02538
0.8989899,0.56565654,0.5240339,0.13267384,214.94627
0.90909094,0.56565654,0.5298987,0.1341825,216.20988
0.9191919,0.56565654,0.53577447,0.1356921,217.93097
0.9292929,0.56565654,0.5416407,0.1372006,218.35417
0.93939394,0.56565654,0.54754007,0.13871066,219.6908
0.94949496,0.56565654,0.5533696,0.140219,220.68173
0.959596,0.56565654,0.55924034,0.14172818,222.7217
0.969697,0.56565654,0.5651169,0.14323966,223.6128
0.97979796,0.56565654,0.5709769,0.14474885,226.1281
0.989899,0.56565654,0.57684934,0.14625633,226.56471
1.0,0.56565654,0.5826964,0.14776643,228.58679
0.0,0.57575756,0.0,-0.0,0.0
0.01010101,0.57575756,0.0059009967,0.0002523127,107.08298
0.02020202,0.57575756,0.011827619,0.001676316,101.28654
0.030303031,0.57575756,0.017752862,0.0031113198,102.748375
0.04040404,0.57575756,0.023750205,0.0045232517,108.602646
0.05050505,0.57575756,0.029824011,0.0059990576,106.02409
0.060606062,0.57575756,0.03591196,0.007436332,109.813225
0.07070707,0.57575756,0.042007845,0.008908976,109.25205
0.08080808,0.57575756,0.048093993,0.010357698,111.61463
0.09090909,0.57575756,0.054172896,0.011834187,111.588745
0.1010101,0.57575756,0.060247958,0.013319976,111.5839
0.11111111,0.57575756,0.06632528,0.014797776,112.534966
0.121212125,0.57575756,0.07240411,0.016273,114.34033
0.13131313,0.57575756,0.0784807,0.017749911,116.270966
0.14141414,0.57575756,0.08455752,0.019234003,118.34614
0.15151516,0.57575756,0.090638004,0.020723809,120.11118
0.16161616,0.57575756,0.09671085,0.022221029,121.46588
0.17171717,0.57575756,0.10278424,0.02372176,122.59185
0.18181819,0.57575756,0.10885746,0.025223888,124.07117
0.1919192,0.57575756,0.11492584,0.026729545,125.005844
0.2020202,0.57575756,0.12100567,0.028234022,126.29218
0.21212122,0.57575756,0.1270666,0.029739356,127.435104
0.22222222,0.57575756,0.1331376,0.031243753,128.58807
0.23232323,0.57575756,0.13921018,0.032749254,129.67549
0.24242425,0.57575756,0.14527382,0.034252584,131.20995
0.25252524,0.57575756,0.15134451,0.035756156,132.23105
0.26262626,0.57575756,0.15740299,0.037259065,133.5021
0.27272728,0.57575756,0.1634708,0.03876249,134.65659
0.28282827,0.57575756,0.1695426,0.04026647,135.68811
0.2929293,0.57575756,0.17560647,0.04176999,137.01022
0.3030303,0.57575756,0.18165861,0.043273393,138.36734
0.3131313,0.57575756,0.18773177,0.044777915,139.49536
0.32323232,0.57575756,0.193772,0.046280418,141.11288
0.33333334,0.57575756,0.19983408,0.047785535,142.45511
0.34343433,0.57575756,0.20588665,0.049289394,144.03687
0.35353535,0.57575756,0.21195127,0.050793484,145.00171
0.36363637,0.57575756,0.21800832,0.052299578,146.6252
0.37373737,0.57575756,0.22404034,0.053804487,147.6016
0.3838384,0.57575756,0.23009534,0.055309337,149.15019
0.3939394,0.57575756,0.2361465,0.056815073,150.86644
0.4040404,0.57575756,0.24218398,0.058320317,151.80446
0.41414142,0.57575756,0.24821703,0.059825182,153.71106
0.42424244,0.57575756,0.2542685,0.061332263,154.82158
0.43434343,0.57575756,0.26031485,0.06283893,156.04347
0.44444445,0.57575756,0.2663442,0.06434421,157.95976
0.45454547,0.57575756,0.27237824,0.06585026,159.04977
0.46464646,0.57575756,0.27841768,0.06735792,160.4043
0.47474748,0.57575756,0.28445107,0.068864405,161.67984
0.4848485,0.57575756,0.29047593,0.070370704,163.74066
0.4949495,0.57575756,0.29651913,0.07187839,164.30989
0.5050505,0.57575756,0.30255482,0.073386006,165.70836
0.5151515,0.57575756,0.30858967,0.07489325,166.77678
0.5252525,0.57575756,0.31461996,0.07640024,168.27806
0.53535354,0.57575756,0.32063556,0.07790712,170.0379
0.54545456,0.57575756,0.32665488,0.07941459,170.99753
0.5555556,0.57575756,0.33270457,0.08092177,171.82901
0.56565654,0.57575756,0.338722,0.08242825,173.51657
0.57575756,0.57575756,0.34476164,0.08393724,174.92548
0.5858586,0.57575756,0.35080844,0.08544552,175.42169
0.5959596,0.57575756,0.35684338,0.08695201,176.55716
0.6060606,0.57575756,0.36285704,0.088458434,178.36168
0.61616164,0.57575756,0.368899,0.089966424,179.2632
0.6262626,0.57575756,0.37493977,0.09147303,179.91663
0.6363636,0.57575756,0.38094723,0.092978545,182.09145
0.64646465,0.57575756,0.38697663,0.09448501,183.60689
0.65656567,0.57575756,0.3930059,0.09599181,184.41975
0.6666667,0.57575756,0.39904827,0.09749785,186.21088
0.67676765,0.57575756,0.40506503,0.099004254,187.3821
0.68686867,0.57575756,0.41108245,0.10050906,187.94016
0.6969697,0.57575756,0.41710952,0.10201575,190.04419
0.7070707,0.57575756,0.4231625,0.10352045,190.69835
0.7171717,0.57575756,0.429192,0.10502701,193.10191
0.72727275,0.57575756,0.43520755,0.10653002,194.14499
0.7373737,0.57575756,0.4412319,0.10803607,195.58966
0.74747473,0.57575756,0.44727203,0.1095413,197.20346
0.75757575,0.57575756,0.45327628,0.11104472,198.7718
0.7676768,0.57575756,0.45931736,0.112549,199.52878
0.7777778,0.57575756,0.46534285,0.11405361,200.57932
0.7878788,0.57575756,0.4713613,0.11555635,202.53732
0.7979798,0.57575756,0.47740242,0.11706143,203.29579
0.8080808,0.57575756,0.48341563,0.11856501,204.92747
0.8181818,0.57575756,0.4894467,0.1200695,205.76567
0.82828283,0.57575756,0.4954642,0.12157254,207.787
0.83838385,0.57575756,0.5015148,0.12307775,208.09471
0.8484849,0.57575756,0.507517,0.12457896,209.672
0.85858583,0.57575756,0.51353514,0.12608282,210.99747
0.86868685,0.57575756,0.51956034,0.12758596,212.61871
0.8787879,0.57575756,0.5255813,0.1290884,213.03743
0.8888889,0.57575756,0.5316118,0.13059276,213.72289
0.8989899,0.57575756,0.5376266,0.1320943,215.82394
0.90909094,0.57575756,0.54366,0.13359858,216.51537
0.9191919,0.57575756,0.5496604,0.13510162,217.99654
0.9292929,0.57575756,0.55569255,0.13660449,219.27953
0.93939394,0.57575756,0.5617035,0.13810849,220.04991
0.94949496,0.57575756,0.56773657,0.13961154,222.48477
0.959596,0.57575756,0.57374245,0.14111549,223.74838
0.969697,0.57575756,0.5797811,0.14261939,224.50537
0.97979796,0.57575756,0.5857916,0.14412321,226.63176
0.989899,0.57575756,0.5918252,0.14562756,227.95499
1.0,0.57575756,0.5978497,0.14713302,228.20532
0.0,0.5858586,0.0,-0.0,0.0
0.01010101,0.5858586,0.006034704,0.00024665403,107.32378
0.02020202,0.5858586,0.0120984595,0.0016614398,101.16153
0.030303031,0.5858586,0.018170636,0.0030926964,102.530556
0.04040404,0.5858586,0.024315726,0.00449954,108.36432
0.05050505,0.5858586,0.030536478,0.005964924,106.21259
0.060606062,0.5858586,0.03677276,0.0073975977,109.75115
0.07070707,0.5858586,0.04301981,0.008862276,109.33606
0.08080808,0.5858586,0.049246754,0.010303817,111.748
0.09090909,0.5858586,0.05547675,0.011774184,111.864044
0.1010101,0.5858586,0.061700724,0.0132514965,111.7358
0.11111111,0.5858586,0.067931935,0.014721743,112.63033
0.121212125,0.5858586,0.07416352,0.016187571,114.49512
0.13131313,0.5858586,0.08039087,0.017656725,116.65616
0.14141414,0.5858586,0.086617604,0.019131593,118.557365
0.15151516,0.5858586,0.09284773,0.020613221,120.15905
0.16161616,0.5858586,0.099072374,0.02210064,121.662766
0.17171717,0.5858586,0.10530176,0.023593249,122.629105
0.18181819,0.5858586,0.11153062,0.025087874,123.73794
0.1919192,0.5858586,0.1177462,0.026583206,124.87564
0.2020202,0.5858586,0.12397238,0.028078025,126.196815
0.21212122,0.5858586,0.13019562,0.029574657,127.61094
0.22222222,0.5858586,0.13642,0.031069942,128.66408
0.23232323,0.5858586,0.1426372,0.032564737,129.83456
0.24242425,0.5858586,0.14884907,0.03405937,131.11084
0.25252524,0.5858586,0.15507254,0.035554115,132.34355
0.26262626,0.5858586,0.16129775,0.037049025,133.56917
0.27272728,0.5858586,0.16750848,0.038543284,134.86446
0.28282827,0.5858586,0.1737225,0.0400375,136.04128
0.2929293,0.5858586,0.17994076,0.04153273,137.2613
0.3030303,0.5858586,0.18616547,0.043027945,138.5849
0.3131313,0.5858586,0.19238125,0.044523206,139.67604
0.32323232,0.5858586,0.19857502,0.046018064,141.13077
0.33333334,0.5858586,0.20478992,0.0475133,142.37947
0.34343433,0.5858586,0.21100701,0.049009908,143.20686
0.35353535,0.5858586,0.21720904,0.05050604,145.13582
0.36363637,0.5858586,0.22340892,0.05200248,146.389
0.37373737,0.5858586,0.22962435,0.053499807,147.35274
0.3838384,0.5858586,0.23581153,0.05499549,149.20198
0.3939394,0.5858586,0.24201375,0.056493126,150.76846
0.4040404,0.5858586,0.24821316,0.057990566,152.1837
0.41414142,0.5858586,0.25441128,0.059488464,153.48569
0.42424244,0.5858586,0.26060104,0.060985755,154.78767
0.43434343,0.5858586,0.266786,0.062483676,156.53223
0.44444445,0.5858586,0.27297345,0.06398222,157.96646
0.45454547,0.5858586,0.27917802,0.065479994,158.92014
0.46464646,0.5858586,0.2853697,0.06697927,160.50488
0.47474748,0.5858586,0.29155198,0.06847749,161.67984
0.4848485,0.5858586,0.29773957,0.06997701,162.97772
0.4949495,0.5858586,0.30391705,0.07147595,164.31064
0.5050505,0.5858586,0.31010696,0.07297656,166.04886
0.5151515,0.5858586,0.31629023,0.0744761,167.58368
0.5252525,0.5858586,0.32247996,0.07597518,168.33768
0.53535354,0.5858586,0.3286696,0.07747466,169.65121
0.54545456,0.5858586,0.33484384,0.07897399,170.86119
0.5555556,0.5858586,0.34102234,0.080473304,172.47572
0.56565654,0.5858586,0.34721196,0.08197391,173.49794
0.57575756,0.5858586,0.35339332,0.08347369,174.76529
0.5858586,0.5858586,0.3595995,0.084973454,175.71599
0.5959596,0.5858586,0.36576605,0.08647211,177.65836
0.6060606,0.5858586,0.37194622,0.08797161,178.52187
0.61616164,0.5858586,0.37812114,0.089472406,179.7475
0.6262626,0.5858586,0.38431427,0.09097017,181.08636
0.6363636,0.5858586,0.39050505,0.09246911,182.34476
0.64646465,0.5858586,0.39668715,0.093969196,183.53537
0.65656567,0.5858586,0.40287516,0.09546863,184.74162
0.6666667,0.5858586,0.40904126,0.09696701,185.8227
0.67676765,0.5858586,0.4152165,0.0984646,187.51025
0.68686867,0.5858586,0.421412,0.09996292,188.54588
0.6969697,0.5858586,0.42758715,0.10146156,190.51283
0.7070707,0.5858586,0.43378127,0.1029599,191.4911
0.7171717,0.5858586,0.43994227,0.10445722,192.88585
0.72727275,0.5858586,0.4461282,0.105955414,193.95352
0.7373737,0.5858586,0.45232326,0.107453525,195.13593
0.74747473,0.5858586,0.4584995,0.10894995,197.57748
0.75757575,0.5858586,0.46469343,0.11044816,197.73618
0.7676768,0.5858586,0.47085384,0.11194502,199.73814
0.7777778,0.5858586,0.4770529,0.11344154,200.55846
0.7878788,0.5858586,0.4832086,0.11493925,202.24228
0.7979798,0.5858586,0.48939213,0.1164342,204.08183
0.8080808,0.5858586,0.4955638,0.117930494,204.74344
0.8181818,0.5858586,0.5017538,0.11942806,206.08305
0.82828283,0.5858586,0.50793546,0.120923996,207.47707
0.83838385,0.5858586,0.5141091,0.12242129,208.10664
0.8484849,0.5858586,0.520277,0.12391652,209.83815
0.85858583,0.5858586,0.5264519,0.12541223,211.12114
0.86868685,0.5858586,0.5326305,0.12690829,213.03593
0.8787879,0.5858586,0.538799,0.12840424,214.19525
0.8888889,0.5858586,0.54498416,0.12990217,214.76149
0.8989899,0.5858586,0.5511447,0.13139746,215.76285
0.90909094,0.5858586,0.55730915,0.1328927,217.91011
0.9191919,0.5858586,0.563482,0.13438904,218.41675
0.9292929,0.5858586,0.5696872,0.13588607,218.88316
0.93939394,0.5858586,0.575862,0.13738184,220.62361
0.94949496,0.5858586,0.5820109,0.13887827,221.92598
0.959596,0.5858586,0.5882034,0.14037557,223.68878
0.969697,0.5858586,0.5943766,0.14187172,224.95091
0.97979796,0.5858586,0.6005525,0.14336947,226.12512
0.989899,0.5858586,0.6067111,0.14486594,227.952
1.0,0.5858586,0.61289483,0.14636329,229.62242
0.0,0.5959596,0.0,-0.0,0.0
0.01010101,0.5959596,0.0061675273,0.00024429182,107.140884
0.02020202,0.5959596,0.012368003,0.0016434914,101.163795
0.030303031,0.5959596,0.018584521,0.0030744695,102.03086
0.04040404,0.5959596,0.02487794,0.0044722506,108.00315
0.05050505,0.5959596,0.031242995,0.005923684,106.43466
0.060606062,0.5959596,0.037627507,0.0073547424,109.45578
0.07070707,0.5959596,0.044021167,0.008807679,109.38449
0.08080808,0.5959596,0.050402395,0.010241968,111.764854
0.09090909,0.5959596,0.05677711,0.011704361,111.77752
0.1010101,0.5959596,0.06314769,0.013171908,111.83321
0.11111111,0.5959596,0.069527335,0.014632956,112.90899
0.121212125,0.5959596,0.07590228,0.016088024,114.826675
0.13131313,0.5959596,0.082284614,0.01754697,116.97021
0.14141414,0.5959596,0.08866043,0.019012505,118.69203
0.15151516,0.5959596,0.095043845,0.020485444,120.26466
0.16161616,0.5959596,0.10142129,0.021963568,121.59776
0.17171717,0.5959596,0.107799135,0.023444988,122.65332
0.18181819,0.5959596,0.11417459,0.024928104,123.8538
0.1919192,0.5959596,0.120548725,0.026413204,125.23048
0.2020202,0.5959596,0.12692516,0.027898742,126.25233
0.21212122,0.5959596,0.13329948,0.029383672,127.46528
0.22222222,0.5959596,0.13967529,0.030868059,128.92876
0.23232323,0.5959596,0.14604405,0.032352712,130.22906
0.24242425,0.5959596,0.15240799,0.03383695,131.25874
0.25252524,0.5959596,0.1587943,0.03532144,132.52235
0.26262626,0.5959596,0.16515817,0.036805116,133.96033
0.27272728,0.5959596,0.17152506,0.038289346,135.01048
0.28282827,0.5959596,0.1778995,0.039773885,136.25026
0.2929293,0.5959596,0.18427403,0.04125863,137.74709
0.3030303,0.5959596,0.1906359,0.042743906,138.65717
0.3131313,0.5959596,0.19699487,0.0442286,140.12605
0.32323232,0.5959596,0.20336004,0.045714118,141.01752
0.33333334,0.5959596,0.20973031,0.047200143,142.57542
0.34343433,0.5959596,0.21607964,0.048686884,143.72244
0.35353535,0.5959596,0.2224408,0.050172985,145.18314
0.36363637,0.5959596,0.22880176,0.05165949,146.70715
0.37373737,0.5959596,0.23515537,0.05314663,147.86497
0.3838384,0.5959596,0.24150123,0.054633074,148.95163
0.3939394,0.5959596,0.24785432,0.056120254,150.9875
0.4040404,0.5959596,0.2542032,0.05760762,152.07939
0.41414142,0.5959596,0.26055786,0.059096962,153.37654
0.42424244,0.5959596,0.2668887,0.060584284,155.29395
0.43434343,0.5959596,0.27324054,0.062073093,155.86429
0.44444445,0.5959596,0.2795901,0.06356195,157.41512
0.45454547,0.5959596,0.28593326,0.06505119,158.82999
0.46464646,0.5959596,0.29227808,0.06654015,160.66655
0.47474748,0.5959596,0.29860988,0.06802984,161.83109
0.4848485,0.5959596,0.30494842,0.06951957,163.30853
0.4949495,0.5959596,0.31129572,0.07101045,164.77109
0.5050505,0.5959596,0.31763476,0.07250029,165.53923
0.5151515,0.5959596,0.32396036,0.073990285,167.08597
0.5252525,0.5959596,0.33029258,0.07547985,168.64911
0.53535354,0.5959596,0.33663225,0.076970376,170.05354
0.54545456,0.5959596,0.3429623,0.07846075,170.92973
0.5555556,0.5959596,0.349299,0.07995127,172.1233
0.56565654,0.5959596,0.35564628,0.08144311,173.51732
0.57575756,0.5959596,0.36198485,0.082933225,174.89343
0.5858586,0.5959596,0.36831462,0.084424004,176.2785
0.5959596,0.5959596,0.37465388,0.08591385,176.806
0.6060606,0.5959596,0.3809956,0.087405466,178.86758
0.61616164,0.5959596,0.38730574,0.08889504,179.8965
0.6262626,0.5959596,0.39364722,0.09038523,181.91263
0.6363636,0.5959596,0.399983,0.091876395,182.15924
0.64646465,0.5959596,0.40632328,0.09336573,183.13824
0.65656567,0.5959596,0.41263938,0.09485469,185.56342
0.6666667,0.5959596,0.4189919,0.096345805,186.36212
0.67676765,0.5959596,0.42533785,0.09783509,186.79575
0.68686867,0.5959596,0.4316641,0.09932565,190.05016
0.6969697,0.5959596,0.43800384,0.10081419,189.96523
0.7070707,0.5959596,0.4443279,0.10230419,190.8131
0.7171717,0.5959596,0.45067972,0.10379377,192.95737
0.72727275,0.5959596,0.4569941,0.105281346,193.87827
0.7373737,0.5959596,0.4633353,0.1067708,195.11507
0.74747473,0.5959596,0.46969387,0.108260125,196.13728
0.75757575,0.5959596,0.47599792,0.10974762,198.38736
0.7676768,0.5959596,0.48232132,0.11123703,199.54666
0.7777778,0.5959596,0.48866212,0.11272493,200.58081
0.7878788,0.5959596,0.4949768,0.11421278,202.44643
0.7979798,0.5959596,0.50131977,0.11570092,203.8911
0.8080808,0.5959596,0.50762886,0.11718769,205.37227
0.8181818,0.5959596,0.5139812,0.118676774,206.2887
0.82828283,0.5959596,0.52029586,0.120163426,208.0731
0.83838385,0.5959596,0.5266471,0.12165262,208.53952
0.8484849,0.5959596,0.53296536,0.12313925,210.47742
0.85858583,0.5959596,0.5393,0.12462818,211.66876
0.86868685,0.5959596,0.5456204,0.12611532,211.69484
0.8787879,0.5959596,0.55194795,0.12760322,214.35768
0.8888889,0.5959596,0.5582805,0.12908992,215.89548
0.8989899,0.5959596,0.56461054,0.13057733,216.53772
0.90909094,0.5959596,0.5708985,0.13206463,218.3795
0.9191919,0.5959596,0.5772528,0.1335532,218.18727
0.9292929,0.5959596,0.5835821,0.13504043,219.36298
0.93939394,0.5959596,0.58991337,0.13652836,221.19284
0.94949496,0.5959596,0.59622216,0.13801613,222.57417
0.959596,0.5959596,0.6025504,0.13950405,224.0464
0.969697,0.5959596,0.6088785,0.14099236,224.3936
0.97979796,0.5959596,0.61520714,0.14248043,226.71669
0.989899,0.5959596,0.6215635,0.1439697,227.68677
1.0,0.5959596,0.62787956,0.14545979,229.35123
0.0,0.6060606,0.0,-0.0,0.0
0.01010101,0.6060606,0.0063003283,0.00023822808,107.24767
0.02020202,0.6060606,0.012634704,0.0016274654,100.94877
0.030303031,0.6060606,0.018996596,0.0030514484,101.68001
0.04040404,0.6060606,0.02543786,0.0044440413,107.34415
0.05050505,0.6060606,0.031947616,0.005878792,106.592896
0.060606062,0.6060606,0.038478613,0.0073040472,109.2433
0.07070707,0.6060606,0.045018952,0.008744899,109.50854
0.08080808,0.6060606,0.051545236,0.010170689,111.849976
0.09090909,0.6060606,0.058068965,0.0116247125,111.73822
0.1010101,0.6060606,0.06459287,0.013081988,111.80779
0.11111111,0.6060606,0.07111479,0.014530166,113.107544
0.121212125,0.6060606,0.07763854,0.01597446,115.18076
0.13131313,0.6060606,0.08416783,0.017422281,117.24271
0.14141414,0.6060606,0.09069362,0.018877197,118.859856
0.15151516,0.6060606,0.09722585,0.020338627,120.355934
0.16161616,0.6060606,0.103755325,0.021805935,121.51953
0.17171717,0.6060606,0.11028115,0.02327583,122.70119
0.18181819,0.6060606,0.11681146,0.024748081,123.77761
0.1919192,0.6060606,0.12333288,0.026220836,124.915504
0.2020202,0.6060606,0.12986302,0.027693659,126.19626
0.21212122,0.6060606,0.13638744,0.029166838,127.43026
0.22222222,0.6060606,0.1429094,0.030639464,129.03604
0.23232323,0.6060606,0.14943671,0.032111537,130.12439
0.24242425,0.6060606,0.15594813,0.03358398,131.33287
0.25252524,0.6060606,0.16248336,0.03505668,132.89005
0.26262626,0.6060606,0.16900396,0.03652913,133.66043
0.27272728,0.6060606,0.17551826,0.038001277,135.01868
0.28282827,0.6060606,0.1820335,0.039473973,136.2063
0.2929293,0.6060606,0.18854898,0.04094722,137.76309
0.3030303,0.6060606,0.19506904,0.04242077,138.73726
0.3131313,0.6060606,0.20159061,0.04389496,140.2229
0.32323232,0.6060606,0.20810926,0.045368075,141.5249
0.33333334,0.6060606,0.2146115,0.046843223,142.96956
0.34343433,0.6060606,0.2211202,0.048317984,144.11472
0.35353535,0.6060606,0.22762914,0.049793195,145.45322
0.36363637,0.6060606,0.23414662,0.05126882,146.44191
0.37373737,0.6060606,0.24065192,0.05274418,147.90186
0.3838384,0.6060606,0.2471569,0.05422084,149.09953
0.3939394,0.6060606,0.25366214,0.055697203,150.47603
0.4040404,0.6060606,0.2601646,0.05717386,151.87263
0.41414142,0.6060606,0.26665306,0.05865098,153.63283
0.42424244,0.6060606,0.27314663,0.060127977,155.15611
0.43434343,0.6060606,0.27964565,0.061605655,156.08072
0.44444445,0.6060606,0.28614005,0.06308396,157.24973
0.45454547,0.6060606,0.29263046,0.06456162,159.39027
0.46464646,0.6060606,0.29912245,0.06604013,160.84984
0.47474748,0.6060606,0.30561128,0.06751957,162.48227
0.4848485,0.6060606,0.31211942,0.0689996,163.237
0.4949495,0.6060606,0.31860623,0.07047784,164.31883
0.5050505,0.6060606,0.3250889,0.071957275,166.10548
0.5151515,0.6060606,0.33157146,0.07343661,167.29831
0.5252525,0.6060606,0.33806658,0.074916996,169.00897
0.53535354,0.6060606,0.3445526,0.07639553,170.44917
0.54545456,0.6060606,0.35104808,0.07787638,170.286
0.5555556,0.6060606,0.3575298,0.079356596,172.49063
0.56565654,0.6060606,0.36402336,0.080836155,173.77287
0.57575756,0.6060606,0.37050587,0.08231675,174.78093
0.5858586,0.6060606,0.37699348,0.08379627,176.24646
0.5959596,0.6060606,0.38347742,0.08527718,177.32755
0.6060606,0.6060606,0.3899677,0.08675719,178.4876
0.61616164,0.6060606,0.39646018,0.08823708,180.14833
0.6262626,0.6060606,0.40293902,0.089717515,181.55426
0.6363636,0.6060606,0.40942144,0.09119676,182.62044
0.64646465,0.6060606,0.41590652,0.09267602,183.8185
0.65656567,0.6060606,0.4223978,0.09415633,185.37715
0.6666667,0.6060606,0.4288787,0.09563563,186.07677
0.67676765,0.6060606,0.43537563,0.097115725,187.82765
0.68686867,0.6060606,0.44185644,0.09859457,188.95418
0.6969697,0.6060606,0.44834384,0.10007364,190.85556
0.7070707,0.6060606,0.45482314,0.101551875,192.66531
0.7171717,0.6060606,0.46130583,0.103031985,193.00282
0.72727275,0.6060606,0.46779156,0.104510106,193.92818
0.7373737,0.6060606,0.47427657,0.10598896,195.78487
0.74747473,0.6060606,0.48075992,0.107467756,197.21165
0.75757575,0.6060606,0.48725238,0.10894583,197.97385
0.7676768,0.6060606,0.49372554,0.11042378,199.79105
0.7777778,0.6060606,0.50020444,0.11190277,201.495
0.7878788,0.6060606,0.50669473,0.11338146,202.66771
0.7979798,0.6060606,0.51316136,0.11485847,204.39178
0.8080808,0.6060606,0.51964986,0.11633593,205.62187
0.8181818,0.6060606,0.5261364,0.117814705,206.12851
0.82828283,0.6060606,0.5326258,0.1192937,207.91591
0.83838385,0.6060606,0.539084,0.1207695,209.1132
0.8484849,0.6060606,0.54557884,0.122247525,210.04826
0.85858583,0.6060606,0.55204713,0.123724625,212.34155
0.86868685,0.6060606,0.5585167,0.12520218,211.81107
0.8787879,0.6060606,0.56501806,0.12668063,214.54543
0.8888889,0.6060606,0.5714769,0.12815699,215.55573
0.8989899,0.6060606,0.5779494,0.12963451,216.53175
0.90909094,0.6060606,0.58442414,0.13111225,218.62537
0.9191919,0.6060606,0.5909138,0.13259108,218.65964
0.9292929,0.6060606,0.59740555,0.13406986,219.98137
0.93939394,0.6060606,0.6038592,0.13554764,221.71884
0.94949496,0.6060606,0.61036146,0.13702555,222.55331
0.959596,0.6060606,0.6168548,0.13850363,222.90051
0.969697,0.6060606,0.6233054,0.13998291,225.54845
0.97979796,0.6060606,0.6297839,0.14146067,226.60345
0.989899,0.6060606,0.6362534,0.14293814,228.79391
1.0,0.6060606,0.64273137,0.14441787,229.16943
0.0,0.61616164,0.0,-0.0,0.0
0.01010101,0.61616164,0.0064324806,0.00023053825,107.41497
0.02020202,0.61616164,0.012900094,0.0016082012,100.86744
0.030303031,0.61616164,0.019406203,0.0030265525,101.275276
0.04040404,0.61616164,0.025993323,0.0044092042,106.90787
0.05050505,0.61616164,0.032644454,0.005829302,106.75266
0.060606062,0.61616164,0.039322663,0.007248369,108.88409
0.07070707,0.61616164,0.046007536,0.00867376,109.642
0.08080808,0.61616164,0.052676413,0.010090051,111.993126
0.09090909,0.61616164,0.059351034,0.01153439,111.80891
0.1010101,0.61616164,0.06601918,0.01297864,112.01082
0.11111111,0.61616164,0.07269161,0.014414423,113.325935
0.121212125,0.61616164,0.07936921,0.015847458,115.28395
0.13131313,0.61616164,0.08604218,0.01728325,117.34907
0.14141414,0.61616164,0.092716806,0.01872568,118.98056
0.15151516,0.61616164,0.0993933,0.02017473,120.41628
0.16161616,0.61616164,0.106074035,0.021630144,121.636505
0.17171717,0.61616164,0.11274352,0.023086216,122.56484
0.18181819,0.61616164,0.11942658,0.02454508,123.75191
0.1919192,0.61616164,0.12609835,0.026004389,124.85888
0.2020202,0.61616164,0.13277368,0.027463542,126.251205
0.21212122,0.61616164,0.1394439,0.028923584,127.41387
0.22222222,0.61616164,0.14611822,0.030382134,128.91591
0.23232323,0.61616164,0.15279388,0.031841774,129.9832
0.24242425,0.61616164,0.15946507,0.03330081,131.50536
0.25252524,0.61616164,0.16613309,0.034759656,132.87067
0.26262626,0.61616164,0.17280568,0.0362194,133.98827
0.27272728,0.61616164,0.17947493,0.03767837,135.35507
0.28282827,0.61616164,0.1861507,0.039138865,136.3624
0.2929293,0.61616164,0.19281676,0.040598944,137.55261
0.3030303,0.61616164,0.19947974,0.042059634,138.88889
0.3131313,0.61616164,0.20614608,0.043520536,140.38905
0.32323232,0.61616164,0.21280521,0.044981763,141.46082
0.33333334,0.61616164,0.21947071,0.046444118,142.37314
0.34343433,0.61616164,0.22612937,0.047905773,144.0134
0.35353535,0.61616164,0.23279084,0.049367975,145.74007
0.36363637,0.61616164,0.23944668,0.050831046,146.446
0.37373737,0.61616164,0.24610691,0.052294422,147.85304
0.3838384,0.61616164,0.25274432,0.053757776,149.5637
0.3939394,0.61616164,0.2594042,0.05522143,150.64963
0.4040404,0.61616164,0.26606148,0.056686033,151.98067
0.41414142,0.61616164,0.27271953,0.058151376,153.59372
0.42424244,0.61616164,0.27936321,0.05961638,154.76309
0.43434343,0.61616164,0.28599992,0.061081663,155.81921
0.44444445,0.61616164,0.2926372,0.062546656,157.84874
0.45454547,0.61616164,0.29928282,0.06401238,159.47148
0.46464646,0.61616164,0.3059332,0.06547908,159.9975
0.47474748,0.61616164,0.3125787,0.066946276,162.2282
0.4848485,0.61616164,0.31920323,0.0684124,163.97536
0.4949495,0.61616164,0.32584453,0.06987962,164.69955
0.5050505,0.61616164,0.33249512,0.07134707,165.87154
0.5151515,0.61616164,0.33914128,0.07281502,166.66875
0.5252525,0.61616164,0.34577346,0.074281566,168.63048
0.53535354,0.61616164,0.35240695,0.075749956,169.80841
0.54545456,0.61616164,0.35904697,0.07721811,171.23744
0.5555556,0.61616164,0.36568823,0.07868641,172.34386
0.56565654,0.61616164,0.3723355,0.08015459,173.80045
0.57575756,0.61616164,0.37895817,0.08162178,175.43808
0.5858586,0.61616164,0.38559726,0.08309148,176.3709
0.5959596,0.61616164,0.39222476,0.08455909,177.07794
0.6060606,0.61616164,0.39886695,0.08602658,178.83852
0.61616164,0.61616164,0.40551478,0.08749423,180.28319
0.6262626,0.61616164,0.41214523,0.08896405,181.19067
0.6363636,0.61616164,0.418795,0.090431415,182.69717
0.64646465,0.61616164,0.42543143,0.091900036,183.75143
0.65656567,0.61616164,0.4320484,0.093366824,185.5433
0.6666667,0.61616164,0.4386934,0.09483583,186.48431
0.67676765,0.61616164,0.44532517,0.09630235,188.05563
0.68686867,0.61616164,0.45196941,0.09777114,189.41313
0.6969697,0.61616164,0.45858943,0.0992375,190.77882
0.7070707,0.61616164,0.4652306,0.10070553,192.65115
0.7171717,0.61616164,0.47185776,0.10217274,193.17717
0.72727275,0.61616164,0.47849303,0.103638776,194.77307
0.7373737,0.61616164,0.48513168,0.105107725,195.79456
0.74747473,0.61616164,0.49176496,0.106573805,197.33012
0.75757575,0.61616164,0.49842256,0.10804082,199.1041
0.7676768,0.61616164,0.50504005,0.109508224,199.53177
0.7777778,0.61616164,0.5116608,0.110974036,201.40558
0.7878788,0.61616164,0.5183014,0.112442635,202.49263
0.7979798,0.61616164,0.5249602,0.113908164,204.36496
0.8080808,0.61616164,0.5315661,0.115374744,205.94522
0.8181818,0.61616164,0.5382091,0.116840854,206.96521
0.82828283,0.61616164,0.54482615,0.11830725,208.62073
0.83838385,0.61616164,0.5514638,0.119774155,209.32407
0.8484849,0.61616164,0.55808926,0.12123997,211.48772
0.85858583,0.61616164,0.5647247,0.12270627,212.34975
0.86868685,0.61616164,0.5713483,0.12417163,214.06711
0.8787879,0.61616164,0.5779677,0.12563868,214.21463
0.8888889,0.61616164,0.58460176,0.12710425,216.23373
0.8989899,0.61616164,0.59122825,0.12857044,216.78061
0.90909094,0.61616164,0.5978486,0.13003711,218.49573
0.9191919,0.61616164,0.6044804,0.13150433,218.907
0.9292929,0.61616164,0.61111724,0.1329721,220.24364
0.93939394,0.61616164,0.61773425,0.13443856,222.16588
0.94949496,0.61616164,0.62436336,0.13590455,222.74405
0.959596,0.61616164,0.63100487,0.13737299,223.70517
0.969697,0.61616164,0.63762414,0.13883792,224.45172
0.97979796,0.61616164,0.6442351,0.14030674,226.45741
0.989899,0.61616164,0.65087706,0.14177446,227.84471
1.0,0.61616164,0.65750504,0.14324215,229.32143
0.0,0.6262626,0.0,-0.0,0.0
0.01010101,0.6262626,0.006563785,0.0002294702,106.82094
0.02020202,0.6262626,0.013164737,0.0015929219,100.37524
0.030303031,0.6262626,0.01981352,0.0029954617,101.12529
0.04040404,0.6262626,0.026543807,0.0043692486,106.49906
0.05050505,0.6262626,0.03333906,0.005772492,106.93474
0.060606062,0.6262626,0.04016441,0.0071846177,108.63668
0.07070707,0.6262626,0.04699223,0.008595383,109.63669
0.08080808,0.6262626,0.05380718,0.010000499,111.94357
0.09090909,0.6262626,0.06062508,0.011433631,111.639404
0.1010101,0.6262626,0.067438096,0.012864408,112.08849
0.11111111,0.6262626,0.07425445,0.014286836,113.39579
0.121212125,0.6262626,0.081077516,0.015705757,115.4935
0.13131313,0.6262626,0.08789665,0.017127998,117.447784
0.14141414,0.6262626,0.09471952,0.018557696,119.18656
0.15151516,0.6262626,0.10154413,0.019993389,120.35277
0.16161616,0.6262626,0.108366236,0.021433739,121.50947
0.17171717,0.6262626,0.115191326,0.022876015,122.59446
0.18181819,0.6262626,0.122011065,0.024320092,123.79065
0.1919192,0.6262626,0.12884241,0.025765177,124.75122
0.2020202,0.6262626,0.13566178,0.027209196,125.97386
0.21212122,0.6262626,0.14248137,0.028653897,127.199104
0.22222222,0.6262626,0.14930072,0.030098714,128.91516
0.23232323,0.6262626,0.15612525,0.031542968,129.88708
0.24242425,0.6262626,0.1629484,0.032987285,131.30978
0.25252524,0.6262626,0.16976424,0.03443176,132.6982
0.26262626,0.6262626,0.17658162,0.03587656,133.95772
0.27272728,0.6262626,0.18340024,0.037321664,135.35432
0.28282827,0.6262626,0.19021818,0.038767066,136.44658
0.2929293,0.6262626,0.19703357,0.040212795,137.6327
0.3030303,0.6262626,0.20383719,0.041659363,138.96674
0.3131313,0.6262626,0.2106573,0.04310602,140.41551
0.32323232,0.6262626,0.21747586,0.044553872,141.74283
0.33333334,0.6262626,0.2242854,0.046001542,142.88313
0.34343433,0.6262626,0.2311022,0.04745009,143.95639
0.35353535,0.6262626,0.23789851,0.048898105,145.59254
0.36363637,0.6262626,0.2447039,0.05034606,146.48177
0.37373737,0.6262626,0.25151053,0.05179623,147.74165
0.3838384,0.6262626,0.25830773,0.053245436,149.49925
0.3939394,0.6262626,0.26510334,0.05469534,150.91077
0.4040404,0.6262626,0.2719123,0.056146577,152.06487
0.41414142,0.6262626,0.27871662,0.057596914,153.30203
0.42424244,0.6262626,0.28550705,0.059048366,154.89943
0.43434343,0.6262626,0.29230145,0.06050001,156.34113
0.44444445,0.6262626,0.2990834,0.06195148,157.7504
0.45454547,0.6262626,0.30589148,0.06340375,158.99017
0.46464646,0.6262626,0.31267095,0.0648569,160.39536
0.47474748,0.6262626,0.31946495,0.06630993,162.18498
0.4848485,0.6262626,0.32626355,0.06776296,163.04701
0.4949495,0.6262626,0.33304587,0.06921663,164.5498
0.5050505,0.6262626,0.33982557,0.07066976,165.82683
0.5151515,0.6262626,0.34661585,0.07212458,166.8863
0.5252525,0.6262626,0.3534103,0.073577985,168.83388
0.53535354,0.6262626,0.3602102,0.075032875,169.54913
0.54545456,0.6262626,0.36697993,0.07648643,171.89905
0.5555556,0.6262626,0.37376747,0.077940986,172.56514
0.56565654,0.6262626,0.3805553,0.07939604,173.49571
0.57575756,0.6262626,0.38734236,0.08085097,174.9225
0.5858586,0.6262626,0.39412364,0.08230543,176.79408
0.5959596,0.6262626,0.40090746,0.08376052,177.2359
0.6060606,0.6262626,0.40770653,0.085215196,178.72379
0.61616164,0.6262626,0.41448462,0.08667054,179.64989
0.6262626,0.6262626,0.42127421,0.08812436,180.89638
0.6363636,0.6262626,0.42805305,0.089579016,182.63235
0.64646465,0.6262626,0.4348342,0.091034345,183.54282
0.65656567,0.6262626,0.44162846,0.09248817,185.71243
0.6666667,0.6262626,0.4484214,0.093943425,186.7719
0.67676765,0.6262626,0.4552065,0.09539778,187.68758
0.68686867,0.6262626,0.46198553,0.09685279,188.85284
0.6969697,0.6262626,0.46876785,0.098307796,190.55083
0.7070707,0.6262626,0.47555026,0.09976084,192.34567
0.7171717,0.6262626,0.48234686,0.10121507,193.46327
0.72727275,0.6262626,0.48912966,0.1026704,193.69348
0.7373737,0.6262626,0.49591908,0.104124054,195.6813
0.74747473,0.6262626,0.50269204,0.10557859,197.55513
0.75757575,0.6262626,0.50947917,0.10703294,198.10498
0.7676768,0.6262626,0.5162461,0.10848581,201.00177
0.7777778,0.6262626,0.5230301,0.109938994,202.61258
0.7878788,0.6262626,0.5298249,0.111393996,203.15945
0.7979798,0.6262626,0.5365956,0.11284739,204.10791
0.8080808,0.6262626,0.543377,0.11430138,205.65317
0.8181818,0.6262626,0.5501675,0.11575379,206.81396
0.82828283,0.6262626,0.55694014,0.11720775,207.97179
0.83838385,0.6262626,0.563722,0.11866173,209.39783
0.8484849,0.6262626,0.5704798,0.12011412,211.65907
0.85858583,0.6262626,0.5772833,0.12156761,212.41829
0.86868685,0.6262626,0.5840383,0.12302206,213.24083
0.8787879,0.6262626,0.5908372,0.12447588,214.52159
0.8888889,0.6262626,0.5975959,0.12592742,216.81935
0.8989899,0.6262626,0.6043558,0.12738277,216.75229
0.90909094,0.6262626,0.6111498,0.12883617,218.79672
0.9191919,0.6262626,0.617915,0.13029096,218.38695
0.9292929,0.6262626,0.6246995,0.13174291,221.40443
0.93939394,0.6262626,0.6314602,0.13319834,221.93045
0.94949496,0.6262626,0.638245,0.13465074,222.96458
0.959596,0.6262626,0.6450327,0.13610685,224.31165
0.969697,0.6262626,0.6517955,0.13756002,226.50809
0.97979796,0.6262626,0.6585944,0.1390162,225.98654
0.989899,0.6262626,0.66536695,0.14047082,227.40811
1.0,0.6262626,0.67214376,0.14192733,228.73581
0.0,0.6363636,0.0,-0.0,0.0
0.01010101,0.6363636,0.006694095,0.00022137917,106.85425
0.02020202,0.6363636,0.013424637,0.0015681855,100.60948
0.030303031,0.6363636,0.020215552,0.002962582,100.94147
0.04040404,0.6363636,0.027089417,0.004324314,106.17664
0.05050505,0.6363636,0.034028497,0.005713807,106.889244
0.060606062,0.6363636,0.040994644,0.007114781,108.3442
0.07070707,0.6363636,0.047968037,0.008509602,109.693405
0.08080808,0.6363636,0.05492412,0.009901647,111.94627
0.09090909,0.6363636,0.061883524,0.011321329,111.81645
0.1010101,0.6363636,0.06884265,0.012738457,112.06679
0.11111111,0.6363636,0.07580776,0.014144923,113.57358
0.121212125,0.6363636,0.08277224,0.01554923,115.72233
0.13131313,0.6363636,0.08973634,0.01695796,117.655846
0.14141414,0.6363636,0.09670554,0.018372688,118.939766
0.15151516,0.6363636,0.10367428,0.019793369,120.23859
0.16161616,0.6363636,0.1106503,0.02121757,121.41727
0.17171717,0.6363636,0.11761812,0.022645382,122.39814
0.18181819,0.6363636,0.12458513,0.024073174,123.59768
0.1919192,0.6363636,0.13155764,0.0255016,124.67187
0.2020202,0.6363636,0.13852596,0.02692994,126.11095
0.21212122,0.6363636,0.1454924,0.028358351,127.20544
0.22222222,0.6363636,0.15245637,0.02978621,128.51004
0.23232323,0.6363636,0.15941913,0.031215018,130.16704
0.24242425,0.6363636,0.1663865,0.032643266,131.58842
0.25252524,0.6363636,0.17335741,0.03407159,132.89638
0.26262626,0.6363636,0.180326,0.035501063,133.81094
0.27272728,0.6363636,0.18728474,0.03692987,135.2638
0.28282827,0.6363636,0.19424799,0.03835993,136.51215
0.2929293,0.6363636,0.20121507,0.0397903,137.87672
0.3030303,0.6363636,0.20816886,0.041220687,138.9537
0.3131313,0.6363636,0.21512812,0.042652085,140.19385
0.32323232,0.6363636,0.2220869,0.04408372,141.60834
0.33333334,0.6363636,0.22904973,0.045516085,142.66298
0.34343433,0.6363636,0.23600893,0.046948653,143.959
0.35353535,0.6363636,0.24296223,0.048381746,145.50127
0.36363637,0.6363636,0.24991561,0.049815435,146.73471
0.37373737,0.6363636,0.25686732,0.05124885,147.85938
0.3838384,0.6363636,0.26380232,0.05268305,149.22545
0.3939394,0.6363636,0.27075788,0.054117944,150.83775
0.4040404,0.6363636,0.27770293,0.055553712,151.64204
0.41414142,0.6363636,0.28465688,0.05698857,153.56168
0.42424244,0.6363636,0.2915934,0.058424566,154.70944
0.43434343,0.6363636,0.29853773,0.059860904,156.35974
0.44444445,0.6363636,0.3054797,0.06129782,157.93443
0.45454547,0.6363636,0.31242537,0.062734544,158.8814
0.46464646,0.6363636,0.31936383,0.06417301,160.5533
0.47474748,0.6363636,0.32629672,0.06561067,161.99425
0.4848485,0.6363636,0.33324948,0.06704835,162.81084
0.4949495,0.6363636,0.34016326,0.06848657,164.56992
0.5050505,0.6363636,0.34709755,0.06992532,165.97585
0.5151515,0.6363636,0.35403636,0.07136395,167.32513
0.5252525,0.6363636,0.3609754,0.07280345,168.4554
0.53535354,0.6363636,0.36791134,0.07424336,170.0431
0.54545456,0.6363636,0.37485892,0.07568285,171.59209
0.5555556,0.6363636,0.3817821,0.07712137,172.58897
0.56565654,0.6363636,0.38872227,0.07856234,173.63652
0.57575756,0.6363636,0.39563972,0.08000225,174.94559
0.5858586,0.6363636,0.4025714,0.08144145,176.33513
0.5959596,0.6363636,0.4095075,0.08288089,177.40578
0.6060606,0.6363636,0.41644278,0.08432195,178.82213
0.61616164,0.6363636,0.42337978,0.08576182,180.28616
0.6262626,0.6363636,0.43032107,0.087202005,181.24358
0.6363636,0.6363636,0.43723652,0.088641815,182.42001
0.64646465,0.6363636,0.44416323,0.09008162,184.33258
0.65656567,0.6363636,0.4511032,0.09152208,186.11104
0.6666667,0.6363636,0.45804992,0.09296163,186.88887
0.67676765,0.6363636,0.464977,0.094401725,188.39091
0.68686867,0.6363636,0.4718973,0.09584189,189.49658
0.6969697,0.6363636,0.47883475,0.097281136,191.39499
0.7070707,0.6363636,0.4857662,0.098721415,190.96658
0.7171717,0.6363636,0.49270767,0.10016184,192.51332
0.72727275,0.6363636,0.49964395,0.10160126,194.62704
0.7373737,0.6363636,0.50656456,0.103041254,195.86607
0.74747473,0.6363636,0.51347774,0.10447966,197.64006
0.75757575,0.6363636,0.52041745,0.10591977,198.87387
0.7676768,0.6363636,0.527368,0.107359074,200.18816
0.7777778,0.6363636,0.5342952,0.10879743,201.61197
0.7878788,0.6363636,0.5412062,0.110238105,202.67815
0.7979798,0.6363636,0.54812425,0.111675695,204.62871
0.8080808,0.6363636,0.5550811,0.11311616,205.1957
0.8181818,0.6363636,0.56200784,0.114555664,207.35562
0.82828283,0.6363636,0.56891805,0.11599496,207.99712
0.83838385,0.6363636,0.57583153,0.117433526,209.60197
0.8484849,0.6363636,0.5827816,0.118873574,210.68604
0.85858583,0.6363636,0.5897097,0.12031139,212.10461
0.86868685,0.6363636,0.5966136,0.12175181,212.50397
0.8787879,0.6363636,0.6035578,0.12319063,215.00587
0.8888889,0.6363636,0.6104731,0.1246302,215.83289
0.8989899,0.6363636,0.61739403,0.12606904,217.79984
0.90909094,0.6363636,0.6243218,0.12750939,218.23198
0.9191919,0.6363636,0.6312433,0.12894808,219.14244
0.9292929,0.6363636,0.6381675,0.13038678,220.43735
0.93939394,0.6363636,0.64507216,0.1318271,222.88263
0.94949496,0.6363636,0.65202874,0.133269,222.63974
0.959596,0.6363636,0.65893906,0.13470832,224.43681
0.969697,0.6363636,0.66583717,0.13614748,226.67795
0.97979796,0.6363636,0.6727892,0.13759139,225.95674
0.989899,0.6363636,0.6797266,0.13903075,227.05048
1.0,0.6363636,0.6866268,0.14047188,229.47192
0.0,0.64646465,0.0,-0.0,0.0
0.01010101,0.64646465,0.0068245614,0.0002085028,107.24551
0.02020202,0.64646465,0.013684068,0.0015402903,101.03703
0.030303031,0.64646465,0.020614762,0.0029268847,100.80375
0.04040404,0.64646465,0.027630124,0.004276606,105.78148
0.05050505,0.64646465,0.034708016,0.005647571,107.04985
0.060606062,0.64646465,0.04181985,0.007038186,108.096985
0.07070707,0.64646465,0.048931375,0.008415618,109.76875
0.08080808,0.64646465,0.056036975,0.009794741,111.813934
0.09090909,0.64646465,0.06313663,0.011199547,111.79689
0.1010101,0.64646465,0.07024055,0.012600948,111.993866
0.11111111,0.64646465,0.07734152,0.0139905615,113.835655
0.121212125,0.64646465,0.08445331,0.015379274,115.84013
0.13131313,0.64646465,0.09156361,0.016771885,117.62809
0.14141414,0.64646465,0.098674335,0.01817058,119.24989
0.15151516,0.64646465,0.10578118,0.019574823,120.36059
0.16161616,0.64646465,0.11290095,0.020983398,121.59106
0.17171717,0.64646465,0.12002039,0.022393469,122.316185
0.18181819,0.64646465,0.127133,0.023803858,123.45239
0.1919192,0.64646465,0.13424477,0.02521478,124.49436
0.2020202,0.64646465,0.14135796,0.02662524,125.84888
0.21212122,0.64646465,0.14847605,0.02803671,126.96218
0.22222222,0.64646465,0.15558675,0.029447356,128.29509
0.23232323,0.64646465,0.16269904,0.03085824,129.62129
0.24242425,0.64646465,0.16980349,0.03226915,131.25352
0.25252524,0.64646465,0.1769156,0.033679903,132.7403
0.26262626,0.64646465,0.18402106,0.035091564,134.21886
0.27272728,0.64646465,0.19112799,0.036504008,135.14049
0.28282827,0.64646465,0.1982452,0.03791671,136.58777
0.2929293,0.64646465,0.20535111,0.039329838,137.76756
0.3030303,0.64646465,0.21246189,0.040743604,138.9306
0.3131313,0.64646465,0.21956146,0.042157862,140.36111
0.32323232,0.64646465,0.22666097,0.043572355,141.62138
0.33333334,0.64646465,0.23377436,0.04498774,142.99452
0.34343433,0.64646465,0.24087465,0.046403375,144.10541
0.35353535,0.64646465,0.24796993,0.047819298,145.44203
0.36363637,0.64646465,0.25506905,0.049236137,146.49034
0.37373737,0.64646465,0.26217094,0.050653,147.85156
0.3838384,0.64646465,0.26925623,0.052071314,149.50298
0.3939394,0.64646465,0.27635342,0.053489435,150.31882
0.4040404,0.64646465,0.2834475,0.054907378,151.81303
0.41414142,0.64646465,0.29053685,0.056326773,153.27335
0.42424244,0.64646465,0.29761437,0.057745095,154.71317
0.43434343,0.64646465,0.30470276,0.059165392,156.3128
0.44444445,0.64646465,0.31179994,0.060585544,157.36148
0.45454547,0.64646465,0.31888178,0.062007435,158.71971
0.46464646,0.64646465,0.32596526,0.06342765,160.22995
0.47474748,0.64646465,0.33304927,0.06484902,161.33412
0.4848485,0.64646465,0.34013626,0.066270284,162.72441
0.4949495,0.64646465,0.347218,0.06769229,164.12958
0.5050505,0.64646465,0.35428703,0.06911434,165.90356
0.5151515,0.64646465,0.36136857,0.07053683,166.65906
0.5252525,0.64646465,0.3684596,0.07196025,168.54703
0.53535354,0.64646465,0.37552887,0.073382825,169.7503
0.54545456,0.64646465,0.3826146,0.07480489,171.59358
0.5555556,0.64646465,0.38969675,0.07622821,172.63144
0.56565654,0.64646465,0.39676604,0.07765255,174.28548
0.57575756,0.64646465,0.40385768,0.079076655,175.01115
0.5858586,0.64646465,0.41095164,0.08049926,175.90746
0.5959596,0.64646465,0.41802788,0.081923924,177.70604
0.6060606,0.64646465,0.42508715,0.083346784,178.75955
0.61616164,0.64646465,0.43216446,0.08476985,180.06488
0.6262626,0.64646465,0.43923712,0.086194426,181.62057
0.6363636,0.64646465,0.44632477,0.08761815,182.94156
0.64646465,0.64646465,0.4534132,0.089042865,183.7656
0.65656567,0.64646465,0.46049616,0.090465896,184.30948
0.6666667,0.64646465,0.46754882,0.091889165,186.29208
0.67676765,0.64646465,0.47464538,0.093313105,187.99304
0.68686867,0.64646465,0.4817332,0.094737455,189.06891
0.6969697,0.64646465,0.4888032,0.0961614,190.84364
0.7070707,0.64646465,0.49587595,0.09758565,191.04034
0.7171717,0.64646465,0.5029466,0.09900755,193.67561
0.72727275,0.64646465,0.51002896,0.10043121,194.77457
0.7373737,0.64646465,0.5171215,0.10185506,196.28331
0.74747473,0.64646465,0.5241844,0.103278324,197.6259
0.75757575,0.64646465,0.53125584,0.10470327,198.30391
0.7676768,0.64646465,0.5383254,0.10612635,199.9408
0.7777778,0.64646465,0.5454217,0.10754959,201.12097
0.7878788,0.64646465,0.5524862,0.10897357,202.8197
0.7979798,0.64646465,0.5595531,0.11039542,204.17123
0.8080808,0.64646465,0.5666339,0.1118195,205.48924
0.8181818,0.64646465,0.5737239,0.11324305,206.97563
0.82828283,0.64646465,0.58076423,0.11466585,208.6632
0.83838385,0.64646465,0.58784485,0.11608967,209.79866
0.8484849,0.64646465,0.5949291,0.11751339,210.32393
0.85858583,0.64646465,0.6019928,0.118935674,212.78784
0.86868685,0.64646465,0.60907525,0.120359935,213.31161
0.8787879,0.64646465,0.6161228,0.121782966,215.55275
0.8888889,0.64646465,0.62321717,0.12320665,216.1242
0.8989899,0.64646465,0.6302641,0.1246306,216.94452
0.90909094,0.64646465,0.6373345,0.12605356,218.82057
0.9191919,0.64646465,0.6444096,0.12747775,220.07079
0.9292929,0.64646465,0.65148026,0.12890181,220.7771
0.93939394,0.64646465,0.6585397,0.13032548,222.11075
0.94949496,0.64646465,0.6656314,0.13175194,222.86475
0.959596,0.64646465,0.67269474,0.13317549,223.57553
0.969697,0.64646465,0.6797511,0.13459979,225.70341
0.97979796,0.64646465,0.68682617,0.13602482,227.88048
0.989899,0.64646465,0.69389546,0.13745189,228.27386
1.0,0.64646465,0.70098126,0.1388765,228.83565
0.0,0.65656567,0.0,-0.0,0.0
0.01010101,0.65656567,0.0069516962,0.00021836645,105.29044
0.02020202,0.65656567,0.013940347,0.0015182524,100.86392
0.030303031,0.65656567,0.021011176,0.0028923224,100.35106
0.04040404,0.65656567,0.02816644,0.004227675,105.119354
0.05050505,0.65656567,0.035385013,0.005577035,107.05879
0.060606062,0.65656567,0.042632632,0.006953343,107.940475
0.07070707,0.65656567,0.04988563,0.0083135385,109.801445
0.08080808,0.65656567,0.057130955,0.009677335,111.75312
0.09090909,0.65656567,0.064376704,0.0110683115,111.40937
0.1010101,0.65656567,0.07161651,0.012450868,112.13207
0.11111111,0.65656567,0.07886119,0.013823366,113.88334
0.121212125,0.65656567,0.08610975,0.015194915,115.85821
0.13131313,0.65656567,0.09335957,0.016570723,117.64318
0.14141414,0.65656567,0.100613534,0.017951552,119.223076
0.15151516,0.65656567,0.107876,0.019339263,120.18513
0.16161616,0.65656567,0.11513129,0.020728,121.34295
0.17171717,0.65656567,0.12238685,0.02212001,122.29904
0.18181819,0.65656567,0.12964596,0.023512084,123.33375
0.1919192,0.65656567,0.13690369,0.024904383,124.69217
0.2020202,0.65656567,0.14416333,0.02629656,125.80063
0.21212122,0.65656567,0.15141581,0.027688587,127.1775
0.22222222,0.65656567,0.15867594,0.029080492,128.46236
0.23232323,0.65656567,0.1659249,0.030472707,129.88597
0.24242425,0.65656567,0.17317852,0.031865112,131.22522
0.25252524,0.65656567,0.18043447,0.0332573,132.80212
0.26262626,0.65656567,0.18768892,0.03465062,134.00316
0.27272728,0.65656567,0.19493471,0.036043752,135.32416
0.28282827,0.65656567,0.20218769,0.03743827,136.68239
0.2929293,0.65656567,0.20944262,0.038832463,137.93
0.3030303,0.65656567,0.21669555,0.04022861,139.16306
0.3131313,0.65656567,0.22394663,0.041624315,140.4103
0.32323232,0.65656567,0.23118955,0.043020155,141.80988
0.33333334,0.65656567,0.2384274,0.04441734,143.32086
0.34343433,0.65656567,0.24567302,0.045814913,144.17581
0.35353535,0.65656567,0.25292015,0.047212943,145.44614
0.36363637,0.65656567,0.26016393,0.048611056,146.8677
0.37373737,0.65656567,0.26739094,0.050010074,148.15219
0.3838384,0.65656567,0.27463153,0.05140896,149.28616
0.3939394,0.65656567,0.28187457,0.052809015,150.50583
0.4040404,0.65656567,0.28910944,0.0542095,151.4662
0.41414142,0.65656567,0.29633793,0.055610243,153.25323
0.42424244,0.65656567,0.30356973,0.05701124,154.56416
0.43434343,0.65656567,0.31079924,0.05841354,156.1407
0.44444445,0.65656567,0.31804147,0.059816048,157.26053
0.45454547,0.65656567,0.32525492,0.061218064,158.64633
0.46464646,0.65656567,0.33249786,0.062620886,160.44453
0.47474748,0.65656567,0.33972022,0.06402424,161.86461
0.4848485,0.65656567,0.34694284,0.06542796,162.67673
0.4949495,0.65656567,0.35416746,0.06683123,164.72713
0.5050505,0.65656567,0.3613835,0.06823566,165.73668
0.5151515,0.65656567,0.3686352,0.06964109,166.89375
0.5252525,0.65656567,0.37586048,0.071045615,168.94788
0.53535354,0.65656567,0.3830782,0.07245038,169.81587
0.54545456,0.65656567,0.39029822,0.073855296,170.79338
0.5555556,0.65656567,0.3975251,0.07526071,172.53532
0.56565654,0.65656567,0.40473092,0.076666944,173.79076
0.57575756,0.65656567,0.41196883,0.07807213,174.72505
0.5858586,0.65656567,0.41918144,0.07947711,176.6339
0.5959596,0.65656567,0.42641303,0.0808844,177.5317
0.6060606,0.65656567,0.43363082,0.08228938,179.04341
0.61616164,0.65656567,0.44087064,0.08369602,180.12225
0.6262626,0.65656567,0.44808653,0.085102566,181.31882
0.6363636,0.65656567,0.45529857,0.08650856,182.82384
0.64646465,0.65656567,0.46251747,0.087914355,184.24913
0.65656567,0.65656567,0.46973455,0.08932065,185.4293
0.6666667,0.65656567,0.47698534,0.09072646,187.4864
0.67676765,0.65656567,0.48419973,0.09213331,187.83138
0.68686867,0.65656567,0.4914369,0.09354004,189.57779
0.6969697,0.65656567,0.49863386,0.094944656,190.93677
0.7070707,0.65656567,0.5058667,0.096351065,192.06404
0.7171717,0.65656567,0.5130891,0.09775685,193.9565
0.72727275,0.65656567,0.5203309,0.099163316,194.9072
0.7373737,0.65656567,0.5275358,0.10056896,195.65373
0.74747473,0.65656567,0.5347546,0.10197442,197.59535
0.75757575,0.65656567,0.5419859,0.10338215,198.50731
0.7676768,0.65656567,0.5491836,0.10478768,200.37144
0.7777778,0.65656567,0.55642277,0.106193215,201.69318
0.7878788,0.65656567,0.5636336,0.107599236,203.2563
0.7979798,0.65656567,0.5708539,0.10900557,204.51323
0.8080808,0.65656567,0.5780713,0.110410474,206.26932
0.8181818,0.65656567,0.5852962,0.11181644,207.23492
0.82828283,0.65656567,0.59249806,0.11322371,208.04852
0.83838385,0.65656567,0.59970963,0.11462965,209.3114
0.8484849,0.65656567,0.60694206,0.11603443,210.55713
0.85858583,0.65656567,0.61415017,0.117441036,212.41084
0.86868685,0.65656567,0.6213516,0.11884737,213.60144
0.8787879,0.65656567,0.6285902,0.120253466,214.39568
0.8888889,0.65656567,0.6358017,0.121660575,216.2747
0.8989899,0.65656567,0.6429947,0.12306652,216.80817
0.90909094,0.65656567,0.65022004,0.12447275,218.73117
0.9191919,0.65656567,0.6574271,0.12588069,220.20937
0.9292929,0.65656567,0.664662,0.1272864,221.04532
0.93939394,0.65656567,0.67185354,0.12869367,222.10478
0.94949496,0.65656567,0.6790756,0.13010077,223.6724
0.959596,0.65656567,0.68627125,0.13150847,224.98071
0.969697,0.65656567,0.6934918,0.13291605,226.25476
0.97979796,0.65656567,0.70070744,0.13432534,225.91501
0.989899,0.65656567,0.7079375,0.1357335,227.7404
1.0,0.65656567,0.7151383,0.13714251,228.25151
0.0,0.6666667,0.0,-0.0,0.0
0.01010101,0.6666667,0.0070804856,0.00020063185,105.96249
0.02020202,0.6666667,0.014193137,0.0014868177,101.45164
0.030303031,0.6666667,0.021402352,0.002848779,100.41576
0.04040404,0.6666667,0.028698942,0.004172807,104.58641
0.05050505,0.6666667,0.03605335,0.005502519,107.02214
0.060606062,0.6666667,0.043440793,0.006865288,107.4586
0.07070707,0.6666667,0.05083034,0.00820429,109.74053
0.08080808,0.6666667,0.058213413,0.009552232,111.80127
0.09090909,0.6666667,0.06559485,0.01092438,111.51163
0.1010101,0.6666667,0.07297648,0.012288967,112.131516
0.11111111,0.6666667,0.08036296,0.013642913,113.95039
0.121212125,0.6666667,0.08775081,0.014995383,115.98449
0.13131313,0.6666667,0.09514213,0.01635317,117.88346
0.14141414,0.6666667,0.10253974,0.017716734,119.144844
0.15151516,0.6666667,0.10993656,0.019083833,120.14676
0.16161616,0.6666667,0.117329165,0.020454317,121.26751
0.17171717,0.6666667,0.12472582,0.021825492,122.38901
0.18181819,0.6666667,0.13212569,0.023198124,123.47065
0.1919192,0.6666667,0.13952427,0.024570083,124.5968
0.2020202,0.6666667,0.14692715,0.025941934,125.78703
0.21212122,0.6666667,0.15432094,0.027313763,127.057175
0.22222222,0.6666667,0.16171867,0.028685926,128.47203
0.23232323,0.6666667,0.16911083,0.03005746,130.00258
0.24242425,0.6666667,0.17650332,0.031429593,131.31165
0.25252524,0.6666667,0.18390433,0.032802515,132.66467
0.26262626,0.6666667,0.19129509,0.03417533,134.0948
0.27272728,0.6666667,0.19868313,0.035549067,135.45006
0.28282827,0.6666667,0.20607609,0.03692312,136.73454
0.2929293,0.6666667,0.21347496,0.03829876,137.88268
0.3030303,0.6666667,0.22087008,0.03967432,139.06024
0.3131313,0.6666667,0.22826049,0.041050177,140.30487
0.32323232,0.6666667,0.23563583,0.04242669,141.77971
0.33333334,0.6666667,0.24303262,0.043803364,142.99974
0.34343433,0.6666667,0.25042075,0.04518123,144.22797
0.35353535,0.6666667,0.25779754,0.046559993,145.48302
0.36363637,0.6666667,0.265179,0.047938917,146.68144
0.37373737,0.6666667,0.27256832,0.04931843,148.07619
0.3838384,0.6666667,0.2799465,0.050698053,149.16658
0.3939394,0.6666667,0.28732115,0.05207827,150.46075
0.4040404,0.6666667,0.2946953,0.053458888,151.98961
0.41414142,0.6666667,0.30207196,0.054840673,153.40634
0.42424244,0.6666667,0.3094425,0.056222714,154.6394
0.43434343,0.6666667,0.3168206,0.05760447,156.08966
0.44444445,0.6666667,0.32420486,0.058987986,157.25679
0.45454547,0.6666667,0.33158037,0.060371,158.4433
0.46464646,0.6666667,0.3389368,0.06175469,160.37971
0.47474748,0.6666667,0.3463094,0.06313762,161.83183
0.4848485,0.6666667,0.35367465,0.064521424,163.22955
0.4949495,0.6666667,0.36104557,0.06590634,164.39482
0.5050505,0.6666667,0.36841604,0.067291684,165.21663
0.5151515,0.6666667,0.3757784,0.06867701,166.7656
0.5252525,0.6666667,0.38315243,0.07006182,168.31308
0.53535354,0.6666667,0.3905154,0.07144708,169.6691
0.54545456,0.6666667,0.3979029,0.07283265,171.0765
0.5555556,0.6666667,0.40526035,0.07421971,172.08904
0.56565654,0.6666667,0.41261894,0.07560556,173.8824
0.57575756,0.6666667,0.41998637,0.07699161,174.85469
0.5858586,0.6666667,0.42736012,0.07837852,176.49234
0.5959596,0.6666667,0.43471855,0.079764724,177.99214
0.6060606,0.6666667,0.44208094,0.08115086,179.56644
0.61616164,0.6666667,0.44945732,0.08253867,180.35844
0.6262626,0.6666667,0.45681974,0.08392552,181.21153
0.6363636,0.6666667,0.4641898,0.08531252,183.00116
0.64646465,0.6666667,0.4715608,0.086698845,183.6121
0.65656567,0.6666667,0.47890726,0.08808628,185.23857
0.6666667,0.6666667,0.4862685,0.08947379,187.10643
0.67676765,0.6666667,0.49363914,0.090859845,188.4155
0.68686867,0.6666667,0.50100434,0.09224782,189.22314
0.6969697,0.6666667,0.50836813,0.09363427,191.07088
0.7070707,0.6666667,0.5157507,0.095021464,191.94037
0.7171717,0.6666667,0.52309877,0.096408315,193.22186
0.72727275,0.6666667,0.5304646,0.097795546,195.06439
0.7373737,0.6666667,0.5378254,0.09918234,195.40489
0.74747473,0.6666667,0.5451969,0.100569315,197.3778
0.75757575,0.6666667,0.5525609,0.101957425,198.39108
0.7676768,0.6666667,0.5599177,0.103343785,200.67245
0.7777778,0.6666667,0.56728673,0.10473097,200.74323
0.7878788,0.6666667,0.57464486,0.10611736,202.70422
0.7979798,0.6666667,0.58199435,0.10750561,204.13399
0.8080808,0.6666667,0.5893575,0.108891584,204.9245
0.8181818,0.6666667,0.59670365,0.1102791,206.9235
0.82828283,0.6666667,0.6040577,0.11166539,208.61998
0.83838385,0.6666667,0.6114306,0.11305423,209.67722
0.8484849,0.6666667,0.6187843,0.11443993,210.83951
0.85858583,0.6666667,0.62613904,0.11582714,212.4302
0.86868685,0.6666667,0.6335018,0.11721431,213.25648
0.8787879,0.6666667,0.64084387,0.118602626,214.8971
0.8888889,0.6666667,0.6482134,0.119988926,216.42297
0.8989899,0.6666667,0.65556985,0.12137762,217.72682
0.90909094,0.6666667,0.6629121,0.122765146,219.45015
0.9191919,0.6666667,0.6702723,0.124153584,220.59232
0.9292929,0.6666667,0.6776402,0.12554185,221.05426
0.93939394,0.6666667,0.6850009,0.12692983,223.07187
0.94949496,0.6666667,0.69236267,0.12831904,223.32072
0.959596,0.6666667,0.69970137,0.12970747,224.7572
0.969697,0.6666667,0.70706093,0.13109633,225.65723
0.97979796,0.6666667,0.7144202,0.13248539,227.55116
0.989899,0.6666667,0.72177,0.13387619,228.1472
1.0,0.6666667,0.7291427,0.13526651,229.31844
0.0,0.67676765,0.0,-0.0,0.0
0.01010101,0.67676765,0.007207294,0.00019379772,105.467064
0.02020202,0.67676765,0.0144442255,0.001457324,101.780685
0.030303031,0.67676765,0.021787185,0.002805403,100.32237
0.04040404,0.67676765,0.029222514,0.0041123824,104.31032
0.05050505,0.67676765,0.036712773,0.005421555,107.11467
0.060606062,0.67676765,0.04423874,0.006769426,107.16077
0.07070707,0.67676765,0.05176517,0.008086877,109.76754
0.08080808,0.67676765,0.05928294,0.009416402,111.749954
0.09090909,0.67676765,0.06680414,0.010770675,111.34036
0.1010101,0.67676765,0.07432644,0.012115107,112.11792
0.11111111,0.67676765,0.081845924,0.013448763,113.99826
0.121212125,0.67676765,0.08936947,0.014782082,116.20205
0.13131313,0.67676765,0.096903004,0.016120384,117.76946
0.14141414,0.67676765,0.10443592,0.017463326,119.13814
0.15151516,0.67676765,0.11196823,0.018811058,120.24958
0.16161616,0.67676765,0.11950402,0.020160269,121.08851
0.17171717,0.67676765,0.12704062,0.021510776,122.09322
0.18181819,0.67676765,0.1345772,0.022861652,123.40471
0.1919192,0.67676765,0.14211404,0.0242127,124.54726
0.2020202,0.67676765,0.1496526,0.02556295,125.56929
0.21212122,0.67676765,0.15718052,0.026913393,126.98472
0.22222222,0.67676765,0.16472717,0.028263673,128.30179
0.23232323,0.67676765,0.17225118,0.029614074,129.80104
0.24242425,0.67676765,0.179785,0.030964766,131.38055
0.25252524,0.67676765,0.18732108,0.032315712,132.91724
0.26262626,0.67676765,0.1948518,0.033667523,134.02776
0.27272728,0.67676765,0.2023796,0.035019495,135.30217
0.28282827,0.67676765,0.20991914,0.03637317,136.628
0.2929293,0.67676765,0.21745513,0.037726812,137.56044
0.3030303,0.67676765,0.22498345,0.0390812,139.05727
0.3131313,0.67676765,0.23251395,0.04043634,140.2788
0.32323232,0.67676765,0.24004446,0.04179156,141.34645
0.33333334,0.67676765,0.24755923,0.04314719,142.97775
0.34343433,0.67676765,0.25509533,0.044504028,144.04654
0.35353535,0.67676765,0.26261193,0.0458612,145.46924
0.36363637,0.67676765,0.27014083,0.047219824,146.4054
0.37373737,0.67676765,0.27765292,0.0485781,147.91452
0.3838384,0.67676765,0.28517672,0.049936265,149.13678
0.3939394,0.67676765,0.29269177,0.05129602,150.30243
0.4040404,0.67676765,0.30021378,0.052655652,151.70798
0.41414142,0.67676765,0.30772516,0.054015834,153.06361
0.42424244,0.67676765,0.3152388,0.05537712,154.68672
0.43434343,0.67676765,0.3227584,0.056739282,156.09413
0.44444445,0.67676765,0.33027485,0.058101006,156.926
0.45454547,0.67676765,0.33777496,0.059462786,158.81322
0.46464646,0.67676765,0.34529173,0.060825262,160.27838
0.47474748,0.67676765,0.3528106,0.062188692,161.26186
0.4848485,0.67676765,0.36031976,0.06355102,162.66629
0.4949495,0.67676765,0.36781555,0.06491519,163.94406
0.5050505,0.67676765,0.37531593,0.06627954,166.14497
0.5151515,0.67676765,0.38282695,0.06764326,167.33557
0.5252525,0.67676765,0.39034495,0.06900798,168.49115
0.53535354,0.67676765,0.39785334,0.07037225,169.75328
0.54545456,0.67676765,0.40535647,0.071737796,171.39465
0.5555556,0.67676765,0.41286314,0.07310353,172.35056
0.56565654,0.67676765,0.42037752,0.074468784,173.22302
0.57575756,0.67676765,0.42789066,0.07583506,174.96497
0.5858586,0.67676765,0.4353749,0.07720044,176.03264
0.5959596,0.67676765,0.44290555,0.078566074,177.6211
0.6060606,0.67676765,0.4503982,0.0799328,178.63661
0.61616164,0.67676765,0.45789468,0.081298485,179.70726
0.6262626,0.67676765,0.46539152,0.082664646,181.7964
0.6363636,0.67676765,0.4729044,0.084030576,183.37741
0.64646465,0.67676765,0.48040935,0.08539694,184.35419
0.65656567,0.67676765,0.48792806,0.08676393,185.49487
0.6666667,0.67676765,0.4954473,0.08813,186.07677
0.67676765,0.67676765,0.50294673,0.08949637,188.42294
0.68686867,0.67676765,0.51044405,0.09086255,189.65005
0.6969697,0.67676765,0.51794434,0.09222978,190.34595
0.7070707,0.67676765,0.5254554,0.09359627,192.01785
0.7171717,0.67676765,0.53297234,0.094962366,193.64804
0.72727275,0.67676765,0.5404703,0.09632961,195.15604
0.7373737,0.67676765,0.5479742,0.097695336,196.10301
0.74747473,0.67676765,0.5554597,0.09906158,197.30553
0.75757575,0.67676765,0.5629647,0.10042907,198.44846
0.7676768,0.67676765,0.57048047,0.101794526,200.54951
0.7777778,0.67676765,0.5779871,0.1031623,201.10458
0.7878788,0.67676765,0.5854767,0.104527086,203.08792
0.7979798,0.67676765,0.5929913,0.105894,204.32695
0.8080808,0.67676765,0.60049,0.10726076,205.56227
0.8181818,0.67676765,0.60800475,0.10862817,206.42355
0.82828283,0.67676765,0.6154928,0.109994784,208.52089
0.83838385,0.67676765,0.62299114,0.111361325,209.96854
0.8484849,0.67676765,0.6304837,0.11272722,210.65771
0.85858583,0.67676765,0.6379739,0.11409454,212.80348
0.86868685,0.67676765,0.6454759,0.11546167,213.5545
0.8787879,0.67676765,0.6529705,0.1168285,216.15028
0.8888889,0.67676765,0.66046387,0.11819586,217.1807
0.8989899,0.67676765,0.6679656,0.11956359,217.77675
0.90909094,0.67676765,0.675456,0.12093207,218.74011
0.9191919,0.67676765,0.6829646,0.122298285,220.69962
0.9292929,0.67676765,0.6904579,0.12366703,222.0422
0.93939394,0.67676765,0.6979461,0.1250353,223.00482
0.94949496,0.67676765,0.7054416,0.12640312,224.83617
0.959596,0.67676765,0.7129491,0.12777227,225.29959
0.969697,0.67676765,0.72044194,0.12914173,225.74515
0.97979796,0.67676765,0.7279328,0.13051073,228.0578
0.989899,0.67676765,0.7354331,0.13188203,227.46771
1.0,0.67676765,0.7429393,0.13325259,227.98032
0.0,0.68686867,0.0,-0.0,0.0
0.01010101,0.68686867,0.0073329257,0.00018415481,105.14826
0.02020202,0.68686867,0.0146932695,0.0014291613,101.87444
0.030303031,0.68686867,0.022170838,0.0027597968,100.13797
0.04040404,0.68686867,0.029739255,0.0040497296,103.90547
0.05050505,0.68686867,0.037365377,0.0053374316,107.02852
0.060606062,0.68686867,0.045025114,0.006665597,106.911736
0.07070707,0.68686867,0.052684564,0.007960912,109.872406
0.08080808,0.68686867,0.060343273,0.009272805,111.438896
0.09090909,0.68686867,0.067994766,0.010605851,111.2665
0.1010101,0.68686867,0.07565394,0.011928586,112.06986
0.11111111,0.68686867,0.08331094,0.013241816,113.954025
0.121212125,0.68686867,0.0909724,0.014554235,115.95217
0.13131313,0.68686867,0.09863615,0.01587097,117.7866
0.14141414,0.68686867,0.10631018,0.017193016,119.041466
0.15151516,0.68686867,0.1139758,0.018518722,120.03258
0.16161616,0.68686867,0.12164908,0.019846134,121.02388
0.17171717,0.68686867,0.12931922,0.021174481,122.21336
0.18181819,0.68686867,0.13699248,0.022502422,123.20764
0.1919192,0.68686867,0.1446647,0.023830624,124.472755
0.2020202,0.68686867,0.15234055,0.025158131,125.66503
0.21212122,0.68686867,0.16001078,0.026485406,127.06295
0.22222222,0.68686867,0.16768906,0.027813427,128.38803
0.23232323,0.68686867,0.17535931,0.029140957,129.88579
0.24242425,0.68686867,0.18302551,0.030468406,131.11215
0.25252524,0.68686867,0.19069304,0.031797405,132.46164
0.26262626,0.68686867,0.19836167,0.033126473,134.09071
0.27272728,0.68686867,0.20602986,0.034456093,135.27237
0.28282827,0.68686867,0.21370658,0.03578716,136.64142
0.2929293,0.68686867,0.22137271,0.037118312,137.88156
0.3030303,0.68686867,0.22903638,0.038450304,139.36647
0.3131313,0.68686867,0.23670612,0.03978284,140.21173
0.32323232,0.68686867,0.24436852,0.041115504,141.79796
0.33333334,0.68686867,0.2520311,0.04244936,142.68532
0.34343433,0.68686867,0.25969607,0.04378328,143.88562
0.35353535,0.68686867,0.2673627,0.045118038,145.18909
0.36363637,0.68686867,0.27501813,0.046453703,146.60246
0.37373737,0.68686867,0.28266543,0.04778971,148.03261
0.3838384,0.68686867,0.29032645,0.049126346,149.67099
0.3939394,0.68686867,0.2979942,0.0504639,150.1225
0.4040404,0.68686867,0.3056471,0.05180116,151.79924
0.41414142,0.68686867,0.31330067,0.053138774,153.25099
0.42424244,0.68686867,0.32094926,0.05447791,154.94003
0.43434343,0.68686867,0.32859015,0.055816893,156.30685
0.44444445,0.68686867,0.3362431,0.05715645,157.38531
0.45454547,0.68686867,0.34388638,0.05849599,158.70891
0.46464646,0.68686867,0.35153565,0.059836376,159.74529
0.47474748,0.68686867,0.35918674,0.06117679,161.1203
0.4848485,0.68686867,0.36684757,0.06251779,162.96431
0.4949495,0.68686867,0.37448317,0.063859686,164.04465
0.5050505,0.68686867,0.38213813,0.06520142,165.30156
0.5151515,0.68686867,0.38978797,0.06654332,165.98851
0.5252525,0.68686867,0.3974292,0.06788556,168.36003
0.53535354,0.68686867,0.4050626,0.06922803,169.85312
0.54545456,0.68686867,0.41270298,0.07057057,171.50269
0.5555556,0.68686867,0.42034993,0.07191347,172.46678
0.56565654,0.68686867,0.42800125,0.07325703,173.75574
0.57575756,0.68686867,0.43565786,0.07460058,175.14154
0.5858586,0.68686867,0.44329834,0.0759429,175.44777
0.5959596,0.68686867,0.45094302,0.077288084,177.74626
0.6060606,0.68686867,0.45858705,0.078631535,178.80724
0.61616164,0.68686867,0.46624598,0.07997619,179.46288
0.6262626,0.68686867,0.47386932,0.08131937,180.83676
0.6363636,0.68686867,0.48153168,0.082663,182.38351
0.64646465,0.68686867,0.48915777,0.08400688,183.84233
0.65656567,0.68686867,0.49680907,0.085351385,185.27731
0.6666667,0.68686867,0.5044577,0.08669604,186.1021
0.67676765,0.68686867,0.5120959,0.08804109,188.03775
0.68686867,0.68686867,0.51972944,0.08938421,189.3334
0.6969697,0.68686867,0.5273984,0.09072925,189.91307
0.7070707,0.68686867,0.5350332,0.09207366,191.48216
0.7171717,0.68686867,0.5426729,0.09341756,193.76724
0.72727275,0.68686867,0.5503023,0.094762765,194.63301
0.7373737,0.68686867,0.55796635,0.096106544,196.12685
0.74747473,0.68686867,0.5655896,0.09745072,197.28616
0.75757575,0.68686867,0.5732472,0.09879692,197.81068
0.7676768,0.68686867,0.5808783,0.10014063,200.3014
0.7777778,0.68686867,0.5885145,0.10148563,200.92055
0.7878788,0.68686867,0.59616405,0.102830105,202.48517
0.7979798,0.68686867,0.60381204,0.10417494,203.55508
0.8080808,0.68686867,0.6114443,0.10551923,205.32236
0.8181818,0.68686867,0.61907685,0.10686328,206.1665
0.82828283,0.68686867,0.6266984,0.10820867,208.50375
0.83838385,0.68686867,0.6343578,0.10955371,210.16599
0.8484849,0.68686867,0.6419855,0.11089914,211.24483
0.85858583,0.68686867,0.64962846,0.112244494,211.3834
0.86868685,0.68686867,0.65724915,0.11358798,214.46645
0.8787879,0.68686867,0.66490406,0.11493416,214.72797
0.8888889,0.68686867,0.6725453,0.11627925,216.41925
0.8989899,0.68686867,0.6801804,0.11762411,217.91011
0.90909094,0.68686867,0.6877917,0.11897055,219.5321
0.9191919,0.68686867,0.69542885,0.12031664,220.56699
0.9292929,0.68686867,0.70307386,0.12166317,221.50949
0.93939394,0.68686867,0.71070355,0.123008534,223.15234
0.94949496,0.68686867,0.71834016,0.12435681,224.81978
0.959596,0.68686867,0.7259762,0.12570338,225.77048
0.969697,0.68686867,0.7336103,0.12705076,225.4948
0.97979796,0.68686867,0.74125516,0.12839936,227.26208
0.989899,0.68686867,0.7488789,0.12974624,228.4646
1.0,0.68686867,0.7565242,0.13109525,228.40202
0.0,0.6969697,0.0,-0.0,0.0
0.01010101,0.6969697,0.0074574742,0.00017004005,105.16083
0.02020202,0.6969697,0.014939744,0.0014002207,101.93025
0.030303031,0.6969697,0.022548582,0.0027104553,100.12121
0.04040404,0.6969697,0.030249724,0.003978429,103.90663
0.05050505,0.6969697,0.038006634,0.0052464297,107.07858
0.060606062,0.6969697,0.045799088,0.0065546,106.84542
0.07070707,0.6969697,0.05359676,0.007827336,109.77341
0.08080808,0.6969697,0.061383385,0.0091197,111.30608
0.09090909,0.6969697,0.06916963,0.010430801,111.24629
0.1010101,0.6969697,0.076959394,0.011730727,112.076385
0.11111111,0.6969697,0.08475419,0.013021376,114.09102
0.121212125,0.6969697,0.09254391,0.014311664,116.127266
0.13131313,0.6969697,0.10034583,0.015606832,117.65547
0.14141414,0.6969697,0.10815244,0.016906446,118.829124
0.15151516,0.6969697,0.11595049,0.018208591,119.999794
0.16161616,0.6969697,0.12376036,0.01951219,120.869835
0.17171717,0.6969697,0.13156627,0.020816453,122.08652
0.18181819,0.6969697,0.13937238,0.022120746,123.36392
0.1919192,0.6969697,0.1471781,0.02342448,124.48709
0.2020202,0.6969697,0.15498446,0.024728727,125.6736
0.21212122,0.6969697,0.16279826,0.026031433,126.84074
0.22222222,0.6969697,0.1706042,0.027335092,128.33234
0.23232323,0.6969697,0.17840019,0.028638996,129.84201
0.24242425,0.6969697,0.1862067,0.029943015,131.39508
0.25252524,0.6969697,0.19400653,0.03124689,132.37222
0.26262626,0.6969697,0.20181316,0.032551873,134.15515
0.27272728,0.6969697,0.20962054,0.033858594,135.16248
0.28282827,0.6969697,0.21742304,0.035165463,136.63248
0.2929293,0.6969697,0.22522199,0.036472432,137.54033
0.3030303,0.6969697,0.23301929,0.037780225,138.83524
0.3131313,0.6969697,0.24082313,0.03908889,140.54701
0.32323232,0.6969697,0.24862537,0.040398,141.65118
0.33333334,0.6969697,0.25642192,0.04170816,143.08467
0.34343433,0.6969697,0.26422268,0.04301858,143.76454
0.35353535,0.6969697,0.2720118,0.04432941,145.48488
0.36363637,0.6969697,0.27980483,0.045641083,146.76675
0.37373737,0.6969697,0.28760898,0.046953306,147.88023
0.3838384,0.6969697,0.295412,0.04826623,148.76761
0.3939394,0.6969697,0.30319324,0.049579322,150.41902
0.4040404,0.6969697,0.31097847,0.050893217,151.83464
0.41414142,0.6969697,0.31876945,0.05220754,153.12805
0.42424244,0.6969697,0.32656103,0.053522956,154.37082
0.43434343,0.6969697,0.3343399,0.05483782,155.9645
0.44444445,0.6969697,0.34212235,0.056153458,157.02917
0.45454547,0.6969697,0.34991136,0.05746956,158.5964
0.46464646,0.6969697,0.3577036,0.058786143,159.5147
0.47474748,0.6969697,0.36546862,0.06010335,161.63066
0.4848485,0.6969697,0.3732646,0.061421264,162.30457
0.4949495,0.6969697,0.38104564,0.06273873,163.64082
0.5050505,0.6969697,0.38882628,0.06405647,164.9022
0.5151515,0.6969697,0.39661393,0.06537498,166.64789
0.5252525,0.6969697,0.40438923,0.06669304,168.79588
0.53535354,0.6969697,0.41218117,0.06801257,169.32637
0.54545456,0.6969697,0.4199609,0.069332026,170.63022
0.5555556,0.6969697,0.42774022,0.070651025,172.03912
0.56565654,0.6969697,0.43551984,0.071970515,173.89581
0.57575756,0.6969697,0.44329357,0.073290035,174.61107
0.5858586,0.6969697,0.45107597,0.07461045,176.36046
0.5959596,0.6969697,0.45885813,0.07593049,177.59949
0.6060606,0.6969697,0.46663478,0.077249765,178.68355
0.61616164,0.6969697,0.47442687,0.07857103,179.67596
0.6262626,0.6969697,0.48219982,0.07989164,181.40077
0.6363636,0.6969697,0.4899782,0.08121135,181.77702
0.64646465,0.6969697,0.4977622,0.082532294,184.06659
0.65656567,0.6969697,0.5055395,0.08385365,185.13724
0.6666667,0.6969697,0.5133059,0.08517292,186.0395
0.67676765,0.6969697,0.5211005,0.08649393,187.18391
0.68686867,0.6969697,0.5288719,0.08781471,188.82454
0.6969697,0.6969697,0.53664804,0.08913564,190.42938
0.7070707,0.6969697,0.54444313,0.090456024,192.12366
0.7171717,0.6969697,0.55220824,0.09177691,192.92012
0.72727275,0.6969697,0.5600045,0.09309774,194.671
0.7373737,0.6969697,0.5677732,0.09441893,196.10449
0.74747473,0.6969697,0.5755483,0.095740266,197.36215
0.75757575,0.6969697,0.58333355,0.097062446,198.09976
0.7676768,0.6969697,0.5911149,0.098383024,199.50717
0.7777778,0.6969697,0.59889656,0.0997038,200.96153
0.7878788,0.6969697,0.60666025,0.10102471,202.67293
0.7979798,0.6969697,0.6144404,0.1023449,204.21222
0.8080808,0.6969697,0.62219095,0.10366729,205.0124
0.8181818,0.6969697,0.6299947,0.1049882,206.45633
0.82828283,0.6969697,0.6377498,0.10630949,208.52164
0.83838385,0.6969697,0.64553463,0.10763151,208.92322
0.8484849,0.6969697,0.6532872,0.10895244,210.83356
0.85858583,0.6969697,0.6610686,0.11027384,212.20818
0.86868685,0.6969697,0.6688381,0.11159604,213.39879
0.8787879,0.6969697,0.67660534,0.11291792,215.12285
0.8888889,0.6969697,0.6843959,0.11423944,215.19363
0.8989899,0.6969697,0.6921382,0.11556267,217.37442
0.90909094,0.6969697,0.69992775,0.11688465,218.62611
0.9191919,0.6969697,0.7076915,0.11820738,221.1824
0.9292929,0.6969697,0.71546894,0.119530246,221.58698
0.93939394,0.6969697,0.7232613,0.12085245,223.24324
0.94949496,0.6969697,0.7310234,0.122177064,223.69772
0.959596,0.6969697,0.7387994,0.123500146,224.72069
0.969697,0.6969697,0.7465602,0.12482437,227.44164
0.97979796,0.6969697,0.7543443,0.12614878,227.55414
0.989899,0.6969697,0.76209486,0.12747349,229.20518
1.0,0.6969697,0.76988536,0.12879995,229.31844
0.0,0.7070707,0.0,-0.0,0.0
0.01010101,0.7070707,0.0075798486,0.00016433366,104.28006
0.02020202,0.7070707,0.015182999,0.0013685639,102.095024
0.030303031,0.7070707,0.022922397,0.0026597427,100.005
0.04040404,0.7070707,0.030752737,0.003906154,103.722046
0.05050505,0.7070707,0.038638335,0.005151384,107.11709
0.060606062,0.7070707,0.046565946,0.0064396495,106.438995
0.07070707,0.7070707,0.05448913,0.007685415,109.8461
0.08080808,0.7070707,0.062408645,0.008956237,111.32583
0.09090909,0.7070707,0.07032555,0.01024399,111.246666
0.1010101,0.7070707,0.078245595,0.011520389,112.267586
0.11111111,0.7070707,0.086165465,0.012787025,114.19719
0.121212125,0.7070707,0.0940945,0.0140547175,115.9613
0.13131313,0.7070707,0.102026835,0.015326024,117.47377
0.14141414,0.7070707,0.109965935,0.016600998,118.735435
0.15151516,0.7070707,0.1178966,0.017878518,119.81707
0.16161616,0.7070707,0.125833,0.019157967,120.927765
0.17171717,0.7070707,0.13377184,0.02043728,121.95222
0.18181819,0.7070707,0.14170833,0.021716574,122.95395
0.1919192,0.7070707,0.14965,0.022994537,124.47405
0.2020202,0.7070707,0.15759107,0.024272963,125.44394
0.21212122,0.7070707,0.16552578,0.025550967,127.09275
0.22222222,0.7070707,0.17345892,0.026829017,128.61304
0.23232323,0.7070707,0.18140203,0.028107448,129.68257
0.24242425,0.7070707,0.1893413,0.02938617,131.18051
0.25252524,0.7070707,0.1972736,0.030665196,132.68701
0.26262626,0.7070707,0.20521781,0.03194573,133.85936
0.27272728,0.7070707,0.21314237,0.03322627,135.2381
0.28282827,0.7070707,0.22108129,0.034507483,136.3989
0.2929293,0.7070707,0.22901978,0.035789203,137.75415
0.3030303,0.7070707,0.23695476,0.03707223,138.86392
0.3131313,0.7070707,0.24488664,0.038355634,139.99194
0.32323232,0.7070707,0.25280833,0.039639648,141.62808
0.33333334,0.7070707,0.26074693,0.04092444,142.76988
0.34343433,0.7070707,0.26868087,0.04220934,144.07336
0.35353535,0.7070707,0.2765962,0.04349525,145.26099
0.36363637,0.7070707,0.2845339,0.04478181,146.45718
0.37373737,0.7070707,0.2924631,0.046068996,147.75954
0.3838384,0.7070707,0.30038247,0.047356814,148.74898
0.3939394,0.7070707,0.30831236,0.048645034,150.18321
0.4040404,0.7070707,0.3162331,0.04993358,151.54704
0.41414142,0.7070707,0.3241466,0.051223535,152.74472
0.42424244,0.7070707,0.33206993,0.05251273,154.21063
0.43434343,0.7070707,0.3399917,0.053802956,155.82144
0.44444445,0.7070707,0.34790877,0.055093624,157.01167
0.45454547,0.7070707,0.35583073,0.0563851,157.96088
0.46464646,0.7070707,0.363737,0.057676245,159.73225
0.47474748,0.7070707,0.3716607,0.058968574,161.03946
0.4848485,0.7070707,0.3795586,0.06026038,163.1707
0.4949495,0.7070707,0.38748297,0.061553575,163.58047
0.5050505,0.7070707,0.39540195,0.06284581,165.3649
0.5151515,0.7070707,0.40331554,0.064138584,166.58307
0.5252525,0.7070707,0.41124046,0.06543241,167.7595
0.53535354,0.7070707,0.41914928,0.066726245,169.38373
0.54545456,0.7070707,0.42706707,0.06802025,170.3389
0.5555556,0.7070707,0.43498114,0.069314815,171.37825
0.56565654,0.7070707,0.44289932,0.07060903,172.41537
0.57575756,0.7070707,0.45080256,0.071903445,174.10963
0.5858586,0.7070707,0.4587245,0.07319805,175.26895
0.5959596,0.7070707,0.4666266,0.074492484,177.39459
0.6060606,0.7070707,0.4745476,0.0757884,177.88931
0.61616164,0.7070707,0.48245433,0.07708342,179.70204
0.6262626,0.7070707,0.49037865,0.07837911,180.43668
0.6363636,0.7070707,0.49829322,0.07967413,181.96703
0.64646465,0.7070707,0.5061986,0.08096998,183.72536
0.65656567,0.7070707,0.5141275,0.08226526,184.6835
0.6666667,0.7070707,0.52202415,0.0835615,186.33604
0.67676765,0.7070707,0.52994084,0.08485723,187.25023
0.68686867,0.7070707,0.5378569,0.08615319,188.82602
0.6969697,0.7070707,0.5457605,0.087448165,190.83545
0.7070707,0.7070707,0.5536888,0.08874443,191.50377
0.7171717,0.7070707,0.5615911,0.09003986,192.82698
0.72727275,0.7070707,0.5695027,0.09133559,195.05322
0.7373737,0.7070707,0.577418,0.092632815,195.31473
0.74747473,0.7070707,0.5853313,0.09392789,197.45752
0.75757575,0.7070707,0.59322864,0.09522395,198.27559
0.7676768,0.7070707,0.6011535,0.09652033,199.40958
0.7777778,0.7070707,0.609045,0.09781677,200.98389
0.7878788,0.7070707,0.6169812,0.09911257,201.62686
0.7979798,0.7070707,0.62488014,0.100408256,203.19595
0.8080808,0.7070707,0.6327994,0.10170558,204.8321
0.8181818,0.7070707,0.64069486,0.10300097,206.26038
0.82828283,0.7070707,0.6486093,0.10429771,207.74379
0.83838385,0.7070707,0.65652025,0.10559402,209.15494
0.8484849,0.7070707,0.66443,0.10689071,210.31201
0.85858583,0.7070707,0.67232466,0.1081885,211.58159
0.86868685,0.7070707,0.68021816,0.10948433,212.76697
0.8787879,0.7070707,0.6881373,0.11078101,214.95074
0.8888889,0.7070707,0.69605726,0.11207816,216.03181
0.8989899,0.7070707,0.70396054,0.11337556,216.8283
0.90909094,0.7070707,0.71185684,0.11467388,218.90625
0.9191919,0.7070707,0.71975315,0.11597104,220.8449
0.9292929,0.7070707,0.72765785,0.117269225,221.15857
0.93939394,0.7070707,0.73554254,0.11856877,222.864
0.94949496,0.7070707,0.74346304,0.11986677,224.46289
0.959596,0.7070707,0.7513573,0.12116421,225.83902
0.969697,0.7070707,0.7592804,0.122464724,226.25029
0.97979796,0.7070707,0.7671977,0.123764254,227.59363
0.989899,0.7070707,0.77509415,0.12506478,228.47504
1.0,0.7070707,0.78296715,0.12636542,230.52692
0.0,0.7171717,0.0,0.0,0.0
0.01010101,0.7171717,0.0077007157,0.00016075911,103.10441
0.02020202,0.7171717,0.015422822,0.0013378792,102.05576
0.030303031,0.7171717,0.023289435,0.002604368,100.08649
0.04040404,0.7171717,0.031247405,0.0038287092,103.67639
0.05050505,0.7171717,0.03926277,0.0050500915,107.12193
0.060606062,0.7171717,0.047316816,0.006314418,106.46945
0.07070707,0.7171717,0.055368874,0.00753622,109.96801
0.08080808,0.7171717,0.06341619,0.0087835835,111.25766
0.09090909,0.7171717,0.07146177,0.010047604,111.16797
0.1010101,0.7171717,0.07951082,0.011298571,112.22037
0.11111111,0.7171717,0.087566495,0.012540169,114.043526
0.121212125,0.7171717,0.09562293,0.01378303,115.95478
0.13131313,0.7171717,0.103675894,0.015029198,117.50944
0.14141414,0.7171717,0.11174397,0.016278181,118.70656
0.15151516,0.7171717,0.11980739,0.017531138,119.63751
0.16161616,0.7171717,0.12787461,0.018783718,120.70555
0.17171717,0.7171717,0.13593756,0.020036757,121.98966
0.18181819,0.7171717,0.14400108,0.021288846,123.1337
0.1919192,0.7171717,0.15207408,0.022541227,124.43867
0.2020202,0.7171717,0.16013771,0.02379279,125.82764
0.21212122,0.7171717,0.1682085,0.025044031,126.99384
0.22222222,0.7171717,0.17627943,0.026295228,128.27571
0.23232323,0.7171717,0.18434234,0.027547423,129.76695
0.24242425,0.7171717,0.19240251,0.02879905,131.17027
0.25252524,0.7171717,0.20047694,0.030052003,132.68367
0.26262626,0.7171717,0.20853837,0.031305432,133.85378
0.27272728,0.7171717,0.21660255,0.032559436,135.38301
0.28282827,0.7171717,0.22466655,0.033814173,136.62465
0.2929293,0.7171717,0.23273355,0.03506949,137.80371
0.3030303,0.7171717,0.24081104,0.036325607,138.54877
0.3131313,0.7171717,0.24886216,0.037582405,139.97406
0.32323232,0.7171717,0.2569293,0.03883988,141.15683
0.33333334,0.7171717,0.264983,0.040098254,142.63205
0.34343433,0.7171717,0.27304417,0.04135677,143.60138
0.35353535,0.7171717,0.2810961,0.042616498,145.17009
0.36363637,0.7171717,0.28914955,0.043876234,146.37038
0.37373737,0.7171717,0.2972102,0.045136422,147.81244
0.3838384,0.7171717,0.30526143,0.046397943,149.22209
0.3939394,0.7171717,0.3133149,0.047659706,150.10648
0.4040404,0.7171717,0.32137272,0.048922453,151.53438
0.41414142,0.7171717,0.32943892,0.050185345,152.56964
0.42424244,0.7171717,0.3374866,0.05144824,154.01096
0.43434343,0.7171717,0.345517,0.05271173,155.7622
0.44444445,0.7171717,0.35358727,0.053975683,156.5244
0.45454547,0.7171717,0.3616208,0.055239957,158.1207
0.46464646,0.7171717,0.36967704,0.056505226,159.43684
0.47474748,0.7171717,0.37772408,0.057770766,161.03014
0.4848485,0.7171717,0.3857689,0.05903665,161.96967
0.4949495,0.7171717,0.39382184,0.060302697,163.74663
0.5050505,0.7171717,0.4018535,0.06156915,164.62468
0.5151515,0.7171717,0.40989372,0.06283642,166.35732
0.5252525,0.7171717,0.41794607,0.06410297,166.9772
0.53535354,0.7171717,0.42598838,0.06537012,168.62006
0.54545456,0.7171717,0.4340496,0.06663814,169.98947
0.5555556,0.7171717,0.442079,0.06790553,172.16727
0.56565654,0.7171717,0.4501294,0.06917318,173.52551
0.57575756,0.7171717,0.458167,0.070441864,173.5136
0.5858586,0.7171717,0.46622935,0.071709156,175.1542
0.5959596,0.7171717,0.4742688,0.07297826,176.37909
0.6060606,0.7171717,0.48230678,0.07424625,178.23354
0.61616164,0.7171717,0.49036002,0.075514995,179.3705
0.6262626,0.7171717,0.49838638,0.07678309,180.63113
0.6363636,0.7171717,0.5064415,0.078052364,182.41257
0.64646465,0.7171717,0.5144811,0.07932196,183.44
0.65656567,0.7171717,0.52252537,0.08059112,185.27359
0.6666667,0.7171717,0.5305781,0.081860326,185.75415
0.67676765,0.7171717,0.53861725,0.08312897,187.61754
0.68686867,0.7171717,0.5466548,0.08439832,188.82602
0.6969697,0.7171717,0.5546997,0.08566834,190.85556
0.7070707,0.7171717,0.56274015,0.08693754,191.39647
0.7171717,0.7171717,0.57079715,0.08820663,192.43285
0.72727275,0.7171717,0.5788424,0.08947569,193.56087
0.7373737,0.7171717,0.5868668,0.09074589,195.85788
0.74747473,0.7171717,0.5949275,0.092015415,196.54483
0.75757575,0.7171717,0.6029571,0.09328507,198.5453
0.7676768,0.7171717,0.61099446,0.094554424,199.32315
0.7777778,0.7171717,0.61904144,0.095824316,200.58304
0.7878788,0.7171717,0.6270779,0.09709372,201.8124
0.7979798,0.7171717,0.6351204,0.09836367,204.24352
0.8080808,0.7171717,0.64316016,0.099633135,205.1793
0.8181818,0.7171717,0.6512161,0.1009032,205.0437
0.82828283,0.7171717,0.65925086,0.102173336,206.34235
0.83838385,0.7171717,0.66729313,0.10344332,209.2965
0.8484849,0.7171717,0.6753093,0.10471385,210.19205
0.85858583,0.7171717,0.68333787,0.10598472,211.7306
0.86868685,0.7171717,0.69137746,0.10725464,212.92046
0.8787879,0.7171717,0.6994235,0.10852467,214.31148
0.8888889,0.7171717,0.70745796,0.109796084,215.76434
0.8989899,0.7171717,0.71551555,0.11106625,216.73962
0.90909094,0.7171717,0.72352284,0.11233806,218.69838
0.9191919,0.7171717,0.73157126,0.113608606,219.72134
0.9292929,0.7171717,0.7396108,0.11488148,220.85606
0.93939394,0.7171717,0.7476425,0.11615313,222.25455
0.94949496,0.7171717,0.75567937,0.117425315,224.14551
0.959596,0.7171717,0.76371115,0.11869748,226.04465
0.969697,0.7171717,0.77175313,0.11997048,225.94333
0.97979796,0.7171717,0.7797663,0.12124375,227.94977
0.989899,0.7171717,0.7878043,0.12251899,228.4877
1.0,0.7171717,0.7958637,0.1237938,229.1061
0.0,0.72727275,0.0,0.0,0.0
0.01010101,0.72727275,0.0078202775,0.00015178978,102.35234
0.02020202,0.72727275,0.015659506,0.0013036893,102.20441
0.030303031,0.72727275,0.023650007,0.0025474266,100.133125
0.04040404,0.72727275,0.031736396,0.003748348,103.53611
0.05050505,0.72727275,0.03987941,0.004947748,106.795456
0.060606062,0.72727275,0.048057158,0.006184511,106.2383
0.07070707,0.72727275,0.056234963,0.0073798024,109.84805
0.08080808,0.72727275,0.06440958,0.008601029,111.282524
0.09090909,0.72727275,0.07258037,0.009838881,111.157074
0.1010101,0.72727275,0.080756,0.011063477,112.25352
0.11111111,0.72727275,0.08893159,0.012279305,114.34369
0.121212125,0.72727275,0.09711257,0.013495378,116.049034
0.13131313,0.72727275,0.10529807,0.014715587,117.45515
0.14141414,0.72727275,0.113488026,0.015938671,118.66838
0.15151516,0.72727275,0.12167597,0.017163603,119.81036
0.16161616,0.72727275,0.1298706,0.018389221,120.763664
0.17171717,0.72727275,0.13805984,0.01961404,122.05243
0.18181819,0.72727275,0.14625981,0.020839019,123.01263
0.1919192,0.72727275,0.15444955,0.022062914,124.469215
0.2020202,0.72727275,0.16264953,0.02328643,125.526634
0.21212122,0.72727275,0.1708389,0.024509804,127.1721
0.22222222,0.72727275,0.17903773,0.025733514,128.13806
0.23232323,0.72727275,0.18723175,0.026957309,129.80495
0.24242425,0.72727275,0.19542322,0.028181585,131.12836
0.25252524,0.72727275,0.20361288,0.029406805,132.52888
0.26262626,0.72727275,0.21180734,0.030631905,133.60773
0.27272728,0.72727275,0.21999812,0.031858217,134.93486
0.28282827,0.72727275,0.2281901,0.033085033,136.1128
0.2929293,0.72727275,0.23636863,0.034312394,137.63644
0.3030303,0.72727275,0.2445664,0.035540488,139.0554
0.3131313,0.72727275,0.25276673,0.036769822,139.52925
0.32323232,0.72727275,0.26094314,0.037999332,141.4366
0.33333334,0.72727275,0.2691253,0.0392294,142.42642
0.34343433,0.72727275,0.27731207,0.040460512,143.64235
0.35353535,0.72727275,0.285502,0.04169223,145.14029
0.36363637,0.72727275,0.29367468,0.042924196,146.52386
0.37373737,0.72727275,0.301866,0.04415711,147.69844
0.3838384,0.72727275,0.31004527,0.04539027,148.95685
0.3939394,0.72727275,0.31823874,0.04662473,149.68365
0.4040404,0.72727275,0.32641524,0.047859233,151.2751
0.41414142,0.72727275,0.33459613,0.049093723,152.97011
0.42424244,0.72727275,0.34277615,0.050329816,154.57645
0.43434343,0.72727275,0.35095122,0.0515653,155.72496
0.44444445,0.72727275,0.3591199,0.052801162,156.87831
0.45454547,0.72727275,0.367301,0.05403793,158.10915
0.46464646,0.72727275,0.37548247,0.05527554,159.50948
0.47474748,0.72727275,0.3836605,0.056513183,160.86362
0.4848485,0.72727275,0.39183062,0.057750493,162.27327
0.4949495,0.72727275,0.40000057,0.05898825,163.44525
0.5050505,0.72727275,0.40817282,0.060227264,164.81989
0.5151515,0.72727275,0.41634905,0.061465804,165.83241
0.5252525,0.72727275,0.42451084,0.06270473,167.38847
0.53535354,0.72727275,0.43269676,0.063944,168.64911
0.54545456,0.72727275,0.4408749,0.065184094,169.95146
0.5555556,0.72727275,0.44903702,0.06642359,171.32684
0.56565654,0.72727275,0.4572175,0.067663625,171.97356
0.57575756,0.72727275,0.46538094,0.06890359,174.31378
0.5858586,0.72727275,0.47355208,0.07014471,175.68991
0.5959596,0.72727275,0.48172164,0.071384676,177.39684
0.6060606,0.72727275,0.48990867,0.07262511,177.74998
0.61616164,0.72727275,0.49808162,0.073865205,179.18571
0.6262626,0.72727275,0.50625837,0.07510631,180.35472
0.6363636,0.72727275,0.51443285,0.07634776,181.3434
0.64646465,0.72727275,0.5226052,0.07758802,183.14421
0.65656567,0.72727275,0.53076875,0.07882939,184.74088
0.6666667,0.72727275,0.5389539,0.0800706,186.11177
0.67676765,0.72727275,0.5471142,0.08131163,187.37093
0.68686867,0.72727275,0.5552897,0.08255313,188.82304
0.6969697,0.72727275,0.5634564,0.083794065,189.62473
0.7070707,0.72727275,0.5716262,0.085035965,190.8645
0.7171717,0.72727275,0.5798115,0.086277045,192.00444
0.72727275,0.72727275,0.5879669,0.08751947,193.30756
0.7373737,0.72727275,0.596149,0.08876015,194.99883
0.74747473,0.72727275,0.604292,0.090001956,196.67595
0.75757575,0.72727275,0.6124737,0.09124424,196.90916
0.7676768,0.72727275,0.620653,0.09248614,199.35295
0.7777778,0.72727275,0.62881595,0.09372765,200.27533
0.7878788,0.72727275,0.6369874,0.09496881,201.54416
0.7979798,0.72727275,0.6451589,0.09621154,202.72508
0.8080808,0.72727275,0.6533342,0.09745275,203.88663
0.8181818,0.72727275,0.6614988,0.09869469,205.77982
0.82828283,0.72727275,0.66965985,0.09993764,207.01439
0.83838385,0.72727275,0.67783,0.10117966,207.42416
0.8484849,0.72727275,0.685988,0.10242191,209.55876
0.85858583,0.72727275,0.69416034,0.1036642,211.23514
0.86868685,0.72727275,0.7023204,0.10490702,211.896
0.8787879,0.72727275,0.7104836,0.10614993,214.0507
0.8888889,0.72727275,0.7186289,0.107393794,215.97446
0.8989899,0.72727275,0.72679764,0.108636774,216.5936
0.90909094,0.72727275,0.73498374,0.10988052,217.24551
0.9191919,0.72727275,0.743151,0.111123785,218.94052
0.9292929,0.72727275,0.75129044,0.11236815,220.25853
0.93939394,0.72727275,0.75946814,0.113611385,221.92151
0.94949496,0.72727275,0.76764053,0.11485686,223.15979
0.959596,0.72727275,0.7757972,0.11610074,224.6499
0.969697,0.72727275,0.7839478,0.11734733,225.43744
0.97979796,0.72727275,0.792117,0.11859238,227.57574
0.989899,0.72727275,0.80029935,0.11983936,227.9371
1.0,0.72727275,0.8084485,0.121086404,228.5786
0.0,0.7373737,0.0,0.0,0.0
0.01010101,0.7373737,0.007938456,0.00013792812,101.95735
0.02020202,0.7373737,0.015892697,0.0012670527,102.42197
0.030303031,0.7373737,0.02400635,0.002487398,100.19157
0.04040404,0.7373737,0.032215074,0.0036627252,103.59378
0.05050505,0.7373737,0.040477194,0.004835631,106.991875
0.060606062,0.7373737,0.048778884,0.00604622,106.31881
0.07070707,0.7373737,0.057082113,0.0072145653,109.96186
0.08080808,0.7373737,0.06538314,0.0084102405,111.15586
0.09090909,0.7373737,0.07367508,0.00961889,111.32285
0.1010101,0.7373737,0.08197397,0.010816658,112.40179
0.11111111,0.7373737,0.09027349,0.012004802,114.36651
0.121212125,0.7373737,0.09858163,0.013193788,116.012245
0.13131313,0.7373737,0.106890075,0.014385931,117.53877
0.14141414,0.7373737,0.115200184,0.015580964,118.674805
0.15151516,0.7373737,0.123515174,0.016777659,119.67886
0.16161616,0.7373737,0.13183221,0.01797418,120.73461
0.17171717,0.7373737,0.14014478,0.019170268,121.950356
0.18181819,0.7373737,0.14846034,0.020365577,123.202805
0.1919192,0.7373737,0.15678515,0.021560602,124.346275
0.2020202,0.7373737,0.16510065,0.02275521,125.49292
0.21212122,0.7373737,0.17341936,0.023949213,126.83235
0.22222222,0.7373737,0.18173327,0.025143491,128.43982
0.23232323,0.7373737,0.19005114,0.026338585,129.7539
0.24242425,0.7373737,0.19836731,0.02753365,131.16487
0.25252524,0.7373737,0.20668244,0.028729353,132.4758
0.26262626,0.7373737,0.2150037,0.02992571,133.68596
0.27272728,0.7373737,0.22331445,0.031122493,135.14738
0.28282827,0.7373737,0.23162365,0.032320302,136.28975
0.2929293,0.7373737,0.23994067,0.03351868,137.66772
0.3030303,0.7373737,0.24825218,0.034717675,138.64636
0.3131313,0.7373737,0.2565687,0.03591717,139.83437
0.32323232,0.7373737,0.26488072,0.037117712,140.99367
0.33333334,0.7373737,0.27319738,0.03831908,142.245
0.34343433,0.7373737,0.2814988,0.039520502,143.94931
0.35353535,0.7373737,0.28980383,0.04072285,144.95477
0.36363637,0.7373737,0.29811835,0.04192606,146.23552
0.37373737,0.7373737,0.3064189,0.043129444,147.75806
0.3838384,0.7373737,0.3147361,0.044333756,148.77097
0.3939394,0.7373737,0.32304728,0.045538947,149.79765
0.4040404,0.7373737,0.33134052,0.04674367,151.50905
0.41414142,0.7373737,0.3396495,0.04794949,152.95297
0.42424244,0.7373737,0.34794864,0.04915586,153.84258
0.43434343,0.7373737,0.3562579,0.050361756,154.96649
0.44444445,0.7373737,0.36455283,0.051569045,156.89098
0.45454547,0.7373737,0.37285826,0.052776713,158.0812
0.46464646,0.7373737,0.3811627,0.05398466,159.48787
0.47474748,0.7373737,0.3894626,0.055193048,160.2102
0.4848485,0.7373737,0.39775863,0.056401305,161.6884
0.4949495,0.7373737,0.406062,0.05760957,163.02615
0.5050505,0.7373737,0.4143574,0.058819477,164.70775
0.5151515,0.7373737,0.42265883,0.060028877,166.19563
0.5252525,0.7373737,0.4309454,0.061238017,167.47601
0.53535354,0.7373737,0.43924654,0.0624489,168.271
0.54545456,0.7373737,0.44755012,0.06365907,170.36722
0.5555556,0.7373737,0.45584446,0.064868934,171.2881
0.56565654,0.7373737,0.46413693,0.06608046,172.40494
0.57575756,0.7373737,0.47243452,0.06729019,173.74307
0.5858586,0.7373737,0.48073813,0.068501756,175.00446
0.5959596,0.7373737,0.48903677,0.069712386,176.81866
0.6060606,0.7373737,0.49733344,0.07092394,177.82301
0.61616164,0.7373737,0.50563085,0.072135866,178.50548
0.6262626,0.7373737,0.51392937,0.07334681,179.99336
0.6363636,0.7373737,0.5222447,0.074558444,181.97075
0.64646465,0.7373737,0.5305258,0.07577055,183.18295
0.65656567,0.7373737,0.5388255,0.076981805,184.65518
0.6666667,0.7373737,0.54713017,0.07819346,185.53287
0.67676765,0.7373737,0.55541813,0.07940535,186.33008
0.68686867,0.7373737,0.56370294,0.080617316,188.20316
0.6969697,0.7373737,0.5720117,0.08182874,189.2589
0.7070707,0.7373737,0.58031,0.08304208,190.81831
0.7171717,0.7373737,0.5886102,0.08425349,191.63638
0.72727275,0.7373737,0.5969058,0.085466065,193.3679
0.7373737,0.7373737,0.60519147,0.086678,194.78947
0.74747473,0.7373737,0.61349624,0.0878904,196.17825
0.75757575,0.7373737,0.62178576,0.08910307,197.41133
0.7676768,0.7373737,0.6300916,0.09031537,197.72873
0.7777778,0.7373737,0.63837075,0.091527544,199.91621
0.7878788,0.7373737,0.6466738,0.09274039,201.35716
0.7979798,0.7373737,0.6549716,0.0939539,202.16554
0.8080808,0.7373737,0.6632584,0.09516662,203.66162
0.8181818,0.7373737,0.6715587,0.09637926,204.94386
0.82828283,0.7373737,0.6798502,0.09759201,205.52278
0.83838385,0.7373737,0.6881349,0.09880446,207.34221
0.8484849,0.7373737,0.6964327,0.10001715,208.78911
0.85858583,0.7373737,0.7047092,0.10123178,210.39769
0.86868685,0.7373737,0.7130098,0.102444366,211.81554
0.8787879,0.7373737,0.7212943,0.1036586,212.7327
0.8888889,0.7373737,0.72960156,0.10487113,214.79129
0.8989899,0.7373737,0.73788095,0.10608577,216.31941
0.90909094,0.7373737,0.7461613,0.10729926,216.70535
0.9191919,0.7373737,0.7544742,0.10851357,217.73576
0.9292929,0.7373737,0.7627663,0.1097282,219.55296
0.93939394,0.7373737,0.7710283,0.11094418,221.32098
0.94949496,0.7373737,0.7793296,0.11215927,222.60622
0.959596,0.7373737,0.78760815,0.11337487,224.16934
0.969697,0.7373737,0.7959089,0.11459133,224.8846
0.97979796,0.7373737,0.8041816,0.11580801,227.04527
0.989899,0.7373737,0.81248313,0.11702509,227.17342
1.0,0.7373737,0.82077193,0.11824217,227.49603
0.0,0.74747473,0.0,0.0,0.0
0.01010101,0.74747473,0.008054601,0.00012552348,101.335396
0.02020202,0.74747473,0.016122315,0.0012352382,102.02787
0.030303031,0.74747473,0.024354272,0.002421287,100.6044
0.04040404,0.74747473,0.032684956,0.0035729532,103.65893
0.05050505,0.74747473,0.041070715,0.0047218828,106.71676
0.060606062,0.74747473,0.049490977,0.0059028654,106.1217
0.07070707,0.74747473,0.05791384,0.007040478,110.06962
0.08080808,0.74747473,0.06633233,0.008209125,111.16108
0.09090909,0.74747473,0.074747935,0.009389634,111.28355
0.1010101,0.74747473,0.08316491,0.01055639,112.64123
0.11111111,0.74747473,0.09158817,0.011716688,114.466995
0.121212125,0.74747473,0.10001661,0.012877233,116.10715
0.13131313,0.74747473,0.10844153,0.014040177,117.540825
0.14141414,0.74747473,0.11687733,0.015205218,118.6586
0.15151516,0.74747473,0.12530965,0.01637214,119.79845
0.16161616,0.74747473,0.13374992,0.017538609,120.78174
0.17171717,0.74747473,0.14218302,0.018704327,122.076645
0.18181819,0.74747473,0.15061863,0.019869985,123.18399
0.1919192,0.74747473,0.15905806,0.021034267,124.432144
0.2020202,0.74747473,0.16749558,0.0221983,125.62629
0.21212122,0.74747473,0.17593117,0.023361571,127.21717
0.22222222,0.74747473,0.18437107,0.024526158,128.38692
0.23232323,0.74747473,0.19280797,0.02569049,129.8124
0.24242425,0.74747473,0.20124641,0.026854886,131.04826
0.25252524,0.74747473,0.20968318,0.028020272,132.20273
0.26262626,0.74747473,0.21812055,0.029186167,133.5673
0.27272728,0.74747473,0.22655262,0.030352648,134.87823
0.28282827,0.74747473,0.2349893,0.03151964,135.9202
0.2929293,0.74747473,0.24341632,0.032687455,137.57274
0.3030303,0.74747473,0.25185403,0.033855874,138.94923
0.3131313,0.74747473,0.2602936,0.035025537,139.57693
0.32323232,0.74747473,0.26872435,0.036195047,141.26822
0.33333334,0.74747473,0.27715576,0.037365768,142.46404
0.34343433,0.74747473,0.28559038,0.038537193,143.72989
0.35353535,0.74747473,0.29402167,0.039708924,144.5219
0.36363637,0.74747473,0.30245718,0.040881727,145.99338
0.37373737,0.74747473,0.3108826,0.042054668,147.42241
0.3838384,0.74747473,0.31930262,0.043228716,148.85776
0.3939394,0.74747473,0.3277296,0.044402905,150.19513
0.4040404,0.74747473,0.33616433,0.04557724,151.30043
0.41414142,0.74747473,0.34459513,0.046752367,152.44559
0.42424244,0.74747473,0.35300303,0.047928177,154.2624
0.43434343,0.74747473,0.36142963,0.04910342,155.33455
0.44444445,0.74747473,0.36985752,0.050279763,156.47821
0.45454547,0.74747473,0.37827346,0.05145704,158.18253
0.46464646,0.74747473,0.38669628,0.05263442,159.05052
0.47474748,0.74747473,0.39512473,0.05381187,160.68854
0.4848485,0.74747473,0.40355125,0.054989442,161.51033
0.4949495,0.74747473,0.4119627,0.056168117,163.19492
0.5050505,0.74747473,0.4203904,0.057347,164.38179
0.5151515,0.74747473,0.42880902,0.058524903,165.78958
0.5252525,0.74747473,0.43722576,0.059704468,167.32327
0.53535354,0.74747473,0.44565132,0.06088368,168.04486
0.54545456,0.74747473,0.45406044,0.06206298,169.51189
0.5555556,0.74747473,0.4624807,0.063243054,171.06384
0.56565654,0.74747473,0.4709032,0.064422645,171.99069
0.57575756,0.74747473,0.47933704,0.06560305,173.44131
0.5858586,0.74747473,0.48774222,0.0667827,174.56189
0.5959596,0.74747473,0.49617735,0.06796335,175.48055
0.6060606,0.74747473,0.5045977,0.069144,177.05336
0.61616164,0.74747473,0.5130098,0.07032437,177.7649
0.6262626,0.74747473,0.5214195,0.07150552,180.46498
0.6363636,0.74747473,0.5298563,0.0726861,181.18098
0.64646465,0.74747473,0.53827167,0.07386729,183.21872
0.65656567,0.74747473,0.5467025,0.07504882,183.81998
0.6666667,0.74747473,0.55512315,0.07622943,185.32127
0.67676765,0.74747473,0.56352043,0.077411294,187.13101
0.68686867,0.74747473,0.57195425,0.078592226,187.73451
0.6969697,0.74747473,0.58037907,0.07977308,188.51534
0.7070707,0.74747473,0.5887752,0.08095465,190.48975
0.7171717,0.74747473,0.59721315,0.08213521,191.16998
0.72727275,0.74747473,0.6056192,0.083317004,193.28296
0.7373737,0.74747473,0.6140432,0.084499404,194.66803
0.74747473,0.74747473,0.6224502,0.08568139,195.25513
0.75757575,0.74747473,0.6308775,0.08686282,196.81155
0.7676768,0.74747473,0.63928974,0.08804433,197.82857
0.7777778,0.74747473,0.6477005,0.08922626,199.16966
0.7878788,0.74747473,0.6561116,0.09040828,201.0353
0.7979798,0.74747473,0.6645473,0.09159043,200.98389
0.8080808,0.74747473,0.6729483,0.09277206,202.88974
0.8181818,0.74747473,0.681371,0.09395405,204.76431
0.82828283,0.74747473,0.6897812,0.095136456,206.27007
0.83838385,0.74747473,0.6982003,0.09631793,206.63887
0.8484849,0.74747473,0.706624,0.09750103,208.74217
0.85858583,0.74747473,0.7150139,0.098683305,210.0043
0.86868685,0.74747473,0.7234391,0.09986579,210.56384
0.8787879,0.74747473,0.73184407,0.10104892,212.22905
0.8888889,0.74747473,0.74027187,0.10223233,213.29373
0.8989899,0.74747473,0.7486816,0.10341579,214.96416
0.90909094,0.74747473,0.75709724,0.104598336,216.70163
0.9191919,0.74747473,0.7655112,0.10578236,217.25223
0.9292929,0.74747473,0.7738975,0.10696738,220.41872
0.93939394,0.74747473,0.7823332,0.10815087,220.5871
0.94949496,0.74747473,0.79073507,0.10933461,222.54587
0.959596,0.74747473,0.7991625,0.110520914,223.16649
0.969697,0.74747473,0.8075749,0.11170702,224.90918
0.97979796,0.74747473,0.81598264,0.11289232,225.91948
0.989899,0.74747473,0.82439667,0.11407942,226.86273
1.0,0.74747473,0.83279544,0.11526643,227.3947
0.0,0.75757575,0.0,0.0,0.0
0.01010101,0.75757575,0.008168912,0.00011668792,100.2744
0.02020202,0.75757575,0.016347988,0.0011957292,102.20409
0.030303031,0.75757575,0.024697347,0.002356717,100.650314
0.04040404,0.75757575,0.033144046,0.00347811,103.884636
0.05050505,0.75757575,0.041647244,0.0046018856,106.6634
0.060606062,0.75757575,0.050186243,0.005750371,106.27392
0.07070707,0.75757575,0.05872619,0.006858855,110.23911
0.08080808,0.75757575,0.06726289,0.007998299,111.26464
0.09090909,0.75757575,0.07579468,0.009148694,111.47437
0.1010101,0.75757575,0.08433423,0.010285441,112.64412
0.11111111,0.75757575,0.09287609,0.011415147,114.33968
0.121212125,0.75757575,0.101416096,0.012545171,116.22421
0.13131313,0.75757575,0.10996121,0.013677681,117.5669
0.14141414,0.75757575,0.11851396,0.014812313,118.739716
0.15151516,0.75757575,0.12706624,0.015947355,119.612366
0.16161616,0.75757575,0.13561258,0.017082969,121.116264
0.17171717,0.75757575,0.14416848,0.01821727,122.029335
0.18181819,0.75757575,0.15272786,0.019350732,123.10129
0.1919192,0.75757575,0.1612783,0.02048361,124.49175
0.2020202,0.75757575,0.16983539,0.021615764,125.877556
0.21212122,0.75757575,0.17839453,0.022748087,126.94616
0.22222222,0.75757575,0.18694688,0.023880169,128.44354
0.23232323,0.75757575,0.19550215,0.025012959,129.84573
0.24242425,0.75757575,0.20405489,0.026146013,131.06558
0.25252524,0.75757575,0.21260995,0.027279355,132.3374
0.26262626,0.75757575,0.22116756,0.028413327,133.58127
0.27272728,0.75757575,0.2297177,0.029548204,134.97807
0.28282827,0.75757575,0.23827507,0.030683838,135.97012
0.2929293,0.75757575,0.2468227,0.031819757,137.46918
0.3030303,0.75757575,0.25537458,0.0329564,138.51114
0.3131313,0.75757575,0.26392755,0.034093965,139.68832
0.32323232,0.75757575,0.27247217,0.035232134,140.7139
0.33333334,0.75757575,0.28101817,0.036371104,142.53966
0.34343433,0.75757575,0.28956518,0.03751019,143.60324
0.35353535,0.75757575,0.29811797,0.03865044,144.92534
0.36363637,0.75757575,0.3066657,0.039790977,146.21355
0.37373737,0.75757575,0.3152242,0.040932458,147.29984
0.3838384,0.75757575,0.32377258,0.04207391,148.37645
0.3939394,0.75757575,0.3323016,0.04321601,149.98317
0.4040404,0.75757575,0.34085077,0.044358876,151.18309
0.41414142,0.75757575,0.34940174,0.04550175,152.35022
0.42424244,0.75757575,0.3579412,0.046645664,153.7308
0.43434343,0.75757575,0.36648762,0.047789585,155.30064
0.44444445,0.75757575,0.37503776,0.048934475,155.944
0.45454547,0.75757575,0.3835715,0.05007913,158.03128
0.46464646,0.75757575,0.3921094,0.051224325,159.0088
0.47474748,0.75757575,0.40064734,0.052369945,160.2307
0.4848485,0.75757575,0.40919033,0.053516384,161.65674
0.4949495,0.75757575,0.41773322,0.05466237,163.06229
0.5050505,0.75757575,0.42627144,0.05580886,164.04315
0.5151515,0.75757575,0.43480963,0.05695605,165.7419
0.5252525,0.75757575,0.44335228,0.05810244,166.61435
0.53535354,0.75757575,0.45188582,0.059249777,167.95882
0.54545456,0.75757575,0.46042582,0.060397536,169.30997
0.5555556,0.75757575,0.46896,0.0615447,170.53635
0.56565654,0.75757575,0.47752166,0.062692545,171.379
0.57575756,0.75757575,0.48604307,0.063840665,172.74767
0.5858586,0.75757575,0.49457926,0.06498929,174.32272
0.5959596,0.75757575,0.503119,0.066137426,175.17209
0.6060606,0.75757575,0.51166147,0.06728581,177.48102
0.61616164,0.75757575,0.5201868,0.06843435,179.09035
0.6262626,0.75757575,0.5287331,0.0695833,179.9196
0.6363636,0.75757575,0.53726196,0.07073161,181.03197
0.64646465,0.75757575,0.5458018,0.0718811,182.53401
0.65656567,0.75757575,0.55434895,0.07302944,183.5823
0.6666667,0.75757575,0.56290287,0.07417847,185.10222
0.67676765,0.75757575,0.5714302,0.07532814,185.87335
0.68686867,0.75757575,0.57996327,0.07647671,187.35304
0.6969697,0.75757575,0.58850396,0.07762595,189.02794
0.7070707,0.75757575,0.59705544,0.078775816,189.22389
0.7171717,0.75757575,0.6055875,0.079924606,191.27429
0.72727275,0.75757575,0.6141363,0.08107405,191.87183
0.7373737,0.75757575,0.6226534,0.08222364,193.71361
0.74747473,0.75757575,0.6311817,0.0833734,195.33188
0.75757575,0.75757575,0.63971573,0.08452244,196.34515
0.7676768,0.75757575,0.64827675,0.08567255,196.971
0.7777778,0.75757575,0.6568061,0.08682187,198.77478
0.7878788,0.75757575,0.66535705,0.08797137,199.55486
0.7979798,0.75757575,0.6738687,0.08912197,201.10533
0.8080808,0.75757575,0.68241155,0.09027083,203.30473
0.8181818,0.75757575,0.6909376,0.09142237,204.07439
0.82828283,0.75757575,0.69947064,0.09257161,205.92361
0.83838385,0.75757575,0.70800465,0.09372189,206.20302
0.8484849,0.75757575,0.7165487,0.0948725,208.33612
0.85858583,0.75757575,0.72506756,0.09602264,209.17133
0.86868685,0.75757575,0.7336039,0.097173385,210.77544
0.8787879,0.75757575,0.7421496,0.09832429,211.38191
0.8888889,0.75757575,0.75066924,0.09947514,213.54779
0.8989899,0.75757575,0.7592082,0.10062563,214.04103
0.90909094,0.75757575,0.76773727,0.10177758,215.58478
0.9191919,0.75757575,0.7762703,0.10292932,218.52255
0.9292929,0.75757575,0.784803,0.10408119,217.70596
0.93939394,0.75757575,0.7933332,0.10523417,220.04396
0.94949496,0.75757575,0.8018656,0.10638731,221.8552
0.959596,0.75757575,0.8104001,0.10753959,222.97353
0.969697,0.75757575,0.8189294,0.10869351,223.89143
0.97979796,0.75757575,0.8274613,0.10984728,225.45158
0.989899,0.75757575,0.83598995,0.111001775,226.143
1.0,0.75757575,0.844521,0.112158045,227.37756
0.0,0.7676768,0.0,0.0,0.0
0.01010101,0.7676768,0.00828065,0.00010991086,98.9533
0.02020202,0.7676768,0.01656966,0.001157632,102.07003
0.030303031,0.7676768,0.025034592,0.0022887697,100.72514
0.04040404,0.7676768,0.033596803,0.0033800404,104.00449
0.05050505,0.7676768,0.042214446,0.004476689,106.47951
0.060606062,0.7676768,0.050866555,0.005593101,106.16118
0.07070707,0.7676768,0.059520487,0.0066691125,110.271805
0.08080808,0.7676768,0.068170786,0.0077791354,111.268
0.09090909,0.7676768,0.07682116,0.008896746,111.42185
0.1010101,0.7676768,0.085471764,0.010002138,112.78307
0.11111111,0.7676768,0.0941268,0.011099666,114.59617
0.121212125,0.7676768,0.102785334,0.012198338,116.14095
0.13131313,0.7676768,0.11144451,0.01329889,117.57426
0.14141414,0.7676768,0.12011046,0.01440127,118.690636
0.15151516,0.7676768,0.12876964,0.01550408,119.97232
0.16161616,0.7676768,0.1374412,0.016606396,120.80818
0.17171717,0.7676768,0.14610967,0.01770778,122.15171
0.18181819,0.7676768,0.1547792,0.018808708,123.31084
0.1919192,0.7676768,0.16344711,0.019908663,124.44593
0.2020202,0.7676768,0.1721174,0.021007996,125.82987
0.21212122,0.7676768,0.18078645,0.022106864,127.178986
0.22222222,0.7676768,0.18945226,0.023206627,128.62384
0.23232323,0.7676768,0.19811858,0.024306346,129.9372
0.24242425,0.7676768,0.20679393,0.025406377,131.01883
0.25252524,0.7676768,0.21546017,0.026506603,132.62462
0.26262626,0.7676768,0.2241291,0.02760777,133.71333
0.27272728,0.7676768,0.23280118,0.028709773,134.53271
0.28282827,0.7676768,0.24145883,0.02981219,136.17184
0.2929293,0.7676768,0.25012827,0.03091506,137.19722
0.3030303,0.7676768,0.2587905,0.03201837,138.58266
0.3131313,0.7676768,0.2674574,0.033122923,139.78891
0.32323232,0.7676768,0.27612773,0.034228005,140.69937
0.33333334,0.7676768,0.2847846,0.035333723,142.39996
0.34343433,0.7676768,0.29344416,0.03643987,143.51532
0.35353535,0.7676768,0.30211195,0.037546914,144.70033
0.36363637,0.7676768,0.31078622,0.038654786,145.75682
0.37373737,0.7676768,0.31943932,0.039762534,147.48573
0.3838384,0.7676768,0.32810947,0.040871136,148.0423
0.3939394,0.7676768,0.33675647,0.041979842,150.17018
0.4040404,0.7676768,0.3454304,0.043089375,151.0527
0.41414142,0.7676768,0.35407943,0.0441995,152.55959
0.42424244,0.7676768,0.36273676,0.04530979,154.15884
0.43434343,0.7676768,0.37141445,0.046421096,154.325
0.44444445,0.7676768,0.38006744,0.047532097,156.20255
0.45454547,0.7676768,0.3887095,0.048643373,157.86365
0.46464646,0.7676768,0.3973724,0.04975523,158.74728
0.47474748,0.7676768,0.40602484,0.050867826,159.94421
0.4848485,0.7676768,0.41468748,0.051979937,161.57143
0.4949495,0.7676768,0.423341,0.05309331,162.2472
0.5050505,0.7676768,0.431995,0.054205704,163.71123
0.5151515,0.7676768,0.44063908,0.05532004,165.60182
0.5252525,0.7676768,0.44930872,0.056433517,166.40015
0.53535354,0.7676768,0.45795324,0.057548016,168.05418
0.54545456,0.7676768,0.46661022,0.05866157,169.3003
0.5555556,0.7676768,0.47526923,0.059775487,170.61792
0.56565654,0.7676768,0.48392066,0.060890585,171.84988
0.57575756,0.7676768,0.49256214,0.062005468,173.52551
0.5858586,0.7676768,0.5012257,0.06311997,174.7772
0.5959596,0.7676768,0.5098861,0.06423435,175.4433
0.6060606,0.7676768,0.5185348,0.06534992,176.80972
0.61616164,0.7676768,0.5271787,0.06646463,178.37434
0.6262626,0.7676768,0.53583324,0.0675797,179.92929
0.6363636,0.7676768,0.54449517,0.06869539,180.85017
0.64646465,0.7676768,0.55315685,0.069810666,181.89699
0.65656567,0.7676768,0.5618115,0.070926204,183.38338
0.6666667,0.7676768,0.5704741,0.0720419,185.2125
0.67676765,0.7676768,0.57911927,0.07315789,186.40234
0.68686867,0.7676768,0.58777726,0.07427322,186.4761
0.6969697,0.7676768,0.59643686,0.075388566,188.27989
0.7070707,0.7676768,0.6050873,0.07650487,189.99428
0.7171717,0.7676768,0.6137361,0.077621095,191.16476
0.72727275,0.7676768,0.62239933,0.07873644,192.17357
0.7373737,0.7676768,0.6310459,0.07985244,193.12352
0.74747473,0.7676768,0.63969624,0.080969244,194.52795
0.75757575,0.7676768,0.64834434,0.08208518,195.55762
0.7676768,0.7676768,0.65700567,0.0832009,197.66167
0.7777778,0.7676768,0.66565406,0.08431711,198.05283
0.7878788,0.7676768,0.6743126,0.08543385,199.6778
0.7979798,0.7676768,0.6829537,0.086549826,201.27074
0.8080808,0.7676768,0.69160324,0.08766691,202.55968
0.8181818,0.7676768,0.70024824,0.08878301,204.52142
0.82828283,0.7676768,0.7088893,0.089899786,205.715
0.83838385,0.7676768,0.71755725,0.09101665,206.16353
0.8484849,0.7676768,0.72618717,0.0921337,208.83157
0.85858583,0.7676768,0.734833,0.09325044,209.79196
0.86868685,0.7676768,0.7434947,0.094367705,210.56532
0.8787879,0.7676768,0.7521595,0.09548502,211.59947
0.8888889,0.7676768,0.760796,0.09660202,214.27274
0.8989899,0.7676768,0.7694406,0.09772034,214.68475
0.90909094,0.7676768,0.7780809,0.098837994,215.82394
0.9191919,0.7676768,0.7867242,0.09995688,217.03094
0.9292929,0.7676768,0.7953901,0.10107471,217.80208
0.93939394,0.7676768,0.80403054,0.10219397,220.01863
0.94949496,0.7676768,0.81268346,0.10331291,220.89854
0.959596,0.7676768,0.82132566,0.10443277,221.51024
0.969697,0.7676768,0.8299858,0.10555291,223.19704
0.97979796,0.7676768,0.8386171,0.10667378,223.38405
0.989899,0.7676768,0.84725416,0.10779449,225.64381
1.0,0.7676768,0.85591215,0.10891644,225.92767
0.0,0.7777778,0.0,0.0,0.0
0.01010101,0.7777778,0.008390688,9.8033e-05,98.00007
0.02020202,0.7777778,0.01678796,0.0011209899,101.57893
0.030303031,0.7777778,0.025362484,0.0022160364,101.0559
0.04040404,0.7777778,0.034037698,0.0032798413,104.022514
0.05050505,0.7777778,0.042765167,0.004344793,106.50391
0.060606062,0.7777778,0.051530447,0.005427512,106.28561
0.07070707,0.7777778,0.060298756,0.0064724726,110.118416
0.08080808,0.7777778,0.06905801,0.007549021,111.28266
0.09090909,0.7777778,0.07781923,0.008634461,111.455284
0.1010101,0.7777778,0.0865809,0.009705569,112.91532
0.11111111,0.7777778,0.095347196,0.01077088,114.66984
0.121212125,0.7777778,0.104114145,0.011835879,116.356186
0.13131313,0.7777778,0.11288636,0.012903498,117.73491
0.14141414,0.7777778,0.121658914,0.013972213,118.9312
0.15151516,0.7777778,0.13043675,0.0150412815,119.84603
0.16161616,0.7777778,0.13921566,0.016109565,120.88623
0.17171717,0.7777778,0.1479969,0.017177174,122.09825
0.18181819,0.7777778,0.15677534,0.018243562,123.26446
0.1919192,0.7777778,0.16555595,0.019309035,124.52044
0.2020202,0.7777778,0.17433484,0.02037424,126.02862
0.21212122,0.7777778,0.1831155,0.021439636,127.26038
0.22222222,0.7777778,0.19189216,0.022504592,128.69072
0.23232323,0.7777778,0.20067051,0.023570359,129.90161
0.24242425,0.7777778,0.20944619,0.02463615,131.49977
0.25252524,0.7777778,0.21823013,0.025702136,132.43277
0.26262626,0.7777778,0.22701257,0.026769279,133.53247
0.27272728,0.7777778,0.23578906,0.027836403,134.83205
0.28282827,0.7777778,0.24456362,0.028904852,135.92113
0.2929293,0.7777778,0.25334752,0.029973632,137.12105
0.3030303,0.7777778,0.2621203,0.031042855,138.5551
0.3131313,0.7777778,0.27089363,0.03211262,139.53336
0.32323232,0.7777778,0.2796721,0.033183195,140.78319
0.33333334,0.7777778,0.28844976,0.034254417,142.1269
0.34343433,0.7777778,0.2972271,0.03532612,143.2225
0.35353535,0.7777778,0.3059894,0.036398888,144.85902
0.36363637,0.7777778,0.31477058,0.03747204,145.86821
0.37373737,0.7777778,0.32354748,0.03854551,146.95674
0.3838384,0.7777778,0.3323242,0.039619196,148.28072
0.3939394,0.7777778,0.3410999,0.04069387,149.47057
0.4040404,0.7777778,0.34986728,0.04176871,150.69098
0.41414142,0.7777778,0.358628,0.04284406,152.31334
0.42424244,0.7777778,0.36740565,0.0439201,153.59856
0.43434343,0.7777778,0.3761716,0.044996426,155.13226
0.44444445,0.7777778,0.3849366,0.04607283,156.2722
0.45454547,0.7777778,0.39371046,0.047149982,157.69527
0.46464646,0.7777778,0.40248373,0.04822706,158.4325
0.47474748,0.7777778,0.4112568,0.0493052,160.30185
0.4848485,0.7777778,0.420014,0.05038309,161.38963
0.4949495,0.7777778,0.4287955,0.051460993,162.0993
0.5050505,0.7777778,0.4375589,0.052539743,163.47469
0.5151515,0.7777778,0.44632027,0.053618614,165.21774
0.5252525,0.7777778,0.45508316,0.054697584,166.27162
0.53535354,0.7777778,0.46385655,0.055776797,167.24504
0.54545456,0.7777778,0.4726184,0.056856174,168.70126
0.5555556,0.7777778,0.4813791,0.057936177,170.37541
0.56565654,0.7777778,0.49014872,0.059015404,172.28871
0.57575756,0.7777778,0.49891457,0.06009533,173.35117
0.5858586,0.7777778,0.50768566,0.061175745,173.5758
0.5959596,0.7777778,0.5164716,0.062255293,174.7407
0.6060606,0.7777778,0.5252219,0.063335374,176.6242
0.61616164,0.7777778,0.5339769,0.06441654,178.14264
0.6262626,0.7777778,0.54275006,0.06549631,179.41669
0.6363636,0.7777778,0.55152166,0.06657704,180.5596
0.64646465,0.7777778,0.5602875,0.067657866,181.59003
0.65656567,0.7777778,0.5690497,0.06873846,183.10472
0.6666667,0.7777778,0.5778237,0.06981864,184.13737
0.67676765,0.7777778,0.5865802,0.07089996,185.51498
0.68686867,0.7777778,0.59536016,0.071980566,186.74881
0.6969697,0.7777778,0.60411537,0.07306146,188.17932
0.7070707,0.7777778,0.6128918,0.074142754,189.32745
0.7171717,0.7777778,0.621668,0.07522382,190.10603
0.72727275,0.7777778,0.6304083,0.07630538,191.96794
0.7373737,0.7777778,0.6391698,0.07738688,193.58545
0.74747473,0.7777778,0.64795333,0.07846791,194.36032
0.75757575,0.7777778,0.6567137,0.07954936,195.63362
0.7676768,0.7777778,0.6654753,0.080630295,196.63274
0.7777778,0.7777778,0.6742473,0.081711404,197.74437
0.7878788,0.7777778,0.6829922,0.08279325,199.47812
0.7979798,0.7777778,0.691758,0.08387502,200.98761
0.8080808,0.7777778,0.70053226,0.08495648,201.61644
0.8181818,0.7777778,0.70928776,0.0860382,203.87769
0.82828283,0.7777778,0.7180463,0.08711988,205.11374
0.83838385,0.7777778,0.7268081,0.08820271,206.70593
0.8484849,0.7777778,0.7355817,0.08928448,207.54039
0.85858583,0.7777778,0.74434257,0.09036626,208.44563
0.86868685,0.7777778,0.75310063,0.09144861,209.58632
0.8787879,0.7777778,0.7618524,0.092531465,210.27625
0.8888889,0.7777778,0.7705998,0.093613975,212.95995
0.8989899,0.7777778,0.779379,0.09469644,213.68265
0.90909094,0.7777778,0.788142,0.09577986,214.97607
0.9191919,0.7777778,0.7968979,0.09686358,215.78445
0.9292929,0.7777778,0.805657,0.097947575,218.47934
0.93939394,0.7777778,0.8144203,0.09903155,218.8176
0.94949496,0.7777778,0.8231709,0.100116104,220.11697
0.959596,0.7777778,0.83192444,0.101201296,222.23369
0.969697,0.7777778,0.8406954,0.102286674,221.94237
0.97979796,0.7777778,0.84945786,0.10337182,223.31848
0.989899,0.7777778,0.8582366,0.10445822,224.52026
1.0,0.7777778,0.866986,0.105545,225.31822
0.0,0.7878788,0.0,0.0,0.0
0.01010101,0.7878788,0.008498483,9.1203234e-05,96.48838
0.02020202,0.7878788,0.017001789,0.00108342,100.98623
0.030303031,0.7878788,0.025686124,0.0021432927,101.08242
0.04040404,0.7878788,0.034468807,0.0031752605,104.09425
0.05050505,0.7878788,0.043307498,0.004210393,106.18907
0.060606062,0.7878788,0.05217803,0.005255537,106.3331
0.07070707,0.7878788,0.061055064,0.006267521,110.06743
0.08080808,0.7878788,0.069923356,0.0073104613,111.18157
0.09090909,0.7878788,0.07878931,0.008360995,111.5242
0.1010101,0.7878788,0.08766121,0.009396985,112.94866
0.11111111,0.7878788,0.09653249,0.010427589,114.849304
0.121212125,0.7878788,0.105407566,0.011458658,116.47036
0.13131313,0.7878788,0.11428682,0.012491288,117.80271
0.14141414,0.7878788,0.123164974,0.013524895,119.04286
0.15151516,0.7878788,0.13205405,0.014559468,119.88729
0.16161616,0.7878788,0.14093883,0.015592132,121.154076
0.17171717,0.7878788,0.1498293,0.016624324,122.007355
0.18181819,0.7878788,0.15871058,0.017655477,123.429855
0.1919192,0.7878788,0.16759817,0.018685702,124.506096
0.2020202,0.7878788,0.17648615,0.01971592,125.78424
0.21212122,0.7878788,0.18537027,0.020745227,127.36972
0.22222222,0.7878788,0.19426511,0.021775268,128.40555
0.23232323,0.7878788,0.20315343,0.022805173,129.59093
0.24242425,0.7878788,0.21203166,0.02383518,131.17847
0.25252524,0.7878788,0.22092687,0.024866486,132.06508
0.26262626,0.7878788,0.22980747,0.02589776,133.40283
0.27272728,0.7878788,0.23869757,0.026929583,134.41425
0.28282827,0.7878788,0.24757884,0.027962273,135.78831
0.2929293,0.7878788,0.2564692,0.02899505,136.61682
0.3030303,0.7878788,0.26534906,0.030028796,138.20026
0.3131313,0.7878788,0.2742281,0.031063072,139.68982
0.32323232,0.7878788,0.2831155,0.032098025,140.77686
0.33333334,0.7878788,0.29200172,0.03313333,141.86017
0.34343433,0.7878788,0.30087852,0.03416943,143.12938
0.35353535,0.7878788,0.30976322,0.035206325,144.41647
0.36363637,0.7878788,0.31865057,0.036243502,145.34741
0.37373737,0.7878788,0.3275306,0.03728127,146.61252
0.3838384,0.7878788,0.3364164,0.038319223,148.28555
0.3939394,0.7878788,0.34529087,0.03935819,149.3737
0.4040404,0.7878788,0.35416022,0.040397085,151.14583
0.41414142,0.7878788,0.36304557,0.041436408,152.05815
0.42424244,0.7878788,0.3719247,0.04247682,153.53299
0.43434343,0.7878788,0.38079998,0.043517035,155.07042
0.44444445,0.7878788,0.3896839,0.044557642,156.04906
0.45454547,0.7878788,0.3985629,0.045598745,156.89954
0.46464646,0.7878788,0.407445,0.04664063,158.30397
0.47474748,0.7878788,0.4163015,0.047682147,160.46725
0.4848485,0.7878788,0.42517525,0.048723813,161.75508
0.4949495,0.7878788,0.43406957,0.049766492,162.3448
0.5050505,0.7878788,0.44295248,0.050808787,163.05037
0.5151515,0.7878788,0.45181525,0.05185151,164.92978
0.5252525,0.7878788,0.46070156,0.052894317,165.86632
0.53535354,0.7878788,0.46956497,0.053937733,167.18321
0.54545456,0.7878788,0.47843397,0.054981478,168.75192
0.5555556,0.7878788,0.48731312,0.056024108,169.95743
0.56565654,0.7878788,0.4961934,0.05706819,171.14319
0.57575756,0.7878788,0.50505775,0.058112126,172.6862
0.5858586,0.7878788,0.5139436,0.059155803,173.8608
0.5959596,0.7878788,0.5228061,0.060200367,175.69289
0.6060606,0.7878788,0.5316903,0.061244424,176.35934
0.61616164,0.7878788,0.54057074,0.06228886,177.60507
0.6262626,0.7878788,0.5494425,0.06333366,178.78264
0.6363636,0.7878788,0.5583251,0.06437771,179.69385
0.64646465,0.7878788,0.5671972,0.06542192,181.36502
0.65656567,0.7878788,0.5760582,0.066466436,183.04362
0.6666667,0.7878788,0.58493817,0.06751058,184.52853
0.67676765,0.7878788,0.59382373,0.068555415,184.75577
0.68686867,0.7878788,0.6026936,0.06960058,186.63704
0.6969697,0.7878788,0.6115713,0.07064538,188.14877
0.7070707,0.7878788,0.6204371,0.071689926,189.30212
0.7171717,0.7878788,0.62930906,0.07273511,190.70209
0.72727275,0.7878788,0.6381779,0.0737808,192.02232
0.7373737,0.7878788,0.6470795,0.074825354,192.30693
0.74747473,0.7878788,0.65594643,0.07587057,193.84921
0.75757575,0.7878788,0.66480625,0.076916136,195.64479
0.7676768,0.7878788,0.67368567,0.0779611,196.70277
0.7777778,0.7878788,0.68256545,0.07900592,197.41208
0.7878788,0.7878788,0.69142747,0.08005208,199.27695
0.7979798,0.7878788,0.70030487,0.08109718,200.79985
0.8080808,0.7878788,0.709167,0.08214263,202.1946
0.8181818,0.7878788,0.7180323,0.08318821,203.6497
0.82828283,0.7878788,0.7269179,0.08423367,204.12282
0.83838385,0.7878788,0.7357884,0.08527968,204.94014
0.8484849,0.7878788,0.74464524,0.086326055,207.86823
0.85858583,0.7878788,0.7535219,0.08737199,208.25789
0.86868685,0.7878788,0.762395,0.08841818,208.87032
0.8787879,0.7878788,0.771264,0.089464284,210.61078
0.8888889,0.7878788,0.7801282,0.09051122,212.01894
0.8989899,0.7878788,0.7889838,0.09155866,214.7451
0.90909094,0.7878788,0.7978638,0.09260512,215.49612
0.9191919,0.7878788,0.80673724,0.093652256,216.5109
0.9292929,0.7878788,0.81560314,0.09470063,217.62698
0.93939394,0.7878788,0.8244883,0.09574803,218.08371
0.94949496,0.7878788,0.833349,0.09679636,219.16553
0.959596,0.7878788,0.84219694,0.097846515,221.99675
0.969697,0.7878788,0.8510753,0.098896295,222.23442
0.97979796,0.7878788,0.8599391,0.09994567,224.53592
0.989899,0.7878788,0.8688262,0.10099507,224.14476
1.0,0.7878788,0.87767917,0.10204688,225.40912
0.0,0.7979798,0.0,0.0,0.0
0.01010101,0.7979798,0.0086038895,8.709389e-05,94.63058
0.02020202,0.7979798,0.01721068,0.0010411954,100.69488
0.030303031,0.7979798,0.026000017,0.0020644006,101.43745
0.04040404,0.7979798,0.034890488,0.0030658972,104.152084
0.05050505,0.7979798,0.04383121,0.0040689055,106.111305
0.060606062,0.7979798,0.05280763,0.005077622,106.33836
0.07070707,0.7979798,0.061787043,0.0060532726,110.17951
0.08080808,0.7979798,0.07076254,0.007062501,111.008484
0.09090909,0.7979798,0.07973553,0.008075138,111.53854
0.1010101,0.7979798,0.0887138,0.00907615,112.83289
0.11111111,0.7979798,0.09768689,0.010070718,114.81531
0.121212125,0.7979798,0.106665015,0.011066497,116.52419
0.13131313,0.7979798,0.11564636,0.012063303,117.84071
0.14141414,0.7979798,0.124636285,0.013060611,118.834335
0.15151516,0.7979798,0.13362224,0.014057909,119.96357
0.16161616,0.7979798,0.14261036,0.015054476,120.91445
0.17171717,0.7979798,0.15160333,0.016050048,121.990776
0.18181819,0.7979798,0.1605912,0.017044047,123.29854
0.1919192,0.7979798,0.16957933,0.018037803,124.78959
0.2020202,0.7979798,0.17857765,0.019031476,125.62517
0.21212122,0.7979798,0.18756768,0.020024424,127.17061
0.22222222,0.7979798,0.19655411,0.02101718,128.41225
0.23232323,0.7979798,0.20554765,0.022010537,129.64085
0.24242425,0.7979798,0.2145323,0.023004267,131.07974
0.25252524,0.7979798,0.22352241,0.02399817,132.32735
0.26262626,0.7979798,0.23251674,0.024992915,133.12325
0.27272728,0.7979798,0.24150236,0.025988087,134.67018
0.28282827,0.7979798,0.25049147,0.02698362,135.81384
0.2929293,0.7979798,0.2594794,0.02797974,137.06479
0.3030303,0.7979798,0.26846087,0.0289768,138.4627
0.3131313,0.7979798,0.27745125,0.029973809,139.77364
0.32323232,0.7979798,0.2864357,0.030971654,140.91916
0.33333334,0.7979798,0.2954245,0.031970244,142.02632
0.34343433,0.7979798,0.3044181,0.032969512,142.95131
0.35353535,0.7979798,0.3134077,0.03396946,144.09311
0.36363637,0.7979798,0.3223895,0.034969367,145.39548
0.37373737,0.7979798,0.33138213,0.035970025,146.25565
0.3838384,0.7979798,0.34035838,0.03697124,148.19429
0.3939394,0.7979798,0.3493546,0.037972387,148.7732
0.4040404,0.7979798,0.3583397,0.038974497,149.96306
0.41414142,0.7979798,0.36731696,0.039977003,151.78882
0.42424244,0.7979798,0.37628967,0.040979646,153.24094
0.43434343,0.7979798,0.38527572,0.041982833,154.62115
0.44444445,0.7979798,0.3942575,0.04298617,155.77003
0.45454547,0.7979798,0.4032494,0.043990627,156.8567
0.46464646,0.7979798,0.41222313,0.044994727,158.12628
0.47474748,0.7979798,0.421215,0.045998506,159.19395
0.4848485,0.7979798,0.43018273,0.04700347,161.3602
0.4949495,0.7979798,0.43916544,0.04800878,162.3109
0.5050505,0.7979798,0.44814464,0.04901382,163.427
0.5151515,0.7979798,0.45712054,0.050019935,164.74388
0.5252525,0.7979798,0.46609652,0.051024757,166.16136
0.53535354,0.7979798,0.47508207,0.05203118,167.04984
0.54545456,0.7979798,0.48406187,0.053036716,168.67072
0.5555556,0.7979798,0.4930522,0.054042857,169.40683
0.56565654,0.7979798,0.502022,0.055048984,171.11674
0.57575756,0.7979798,0.5110106,0.056055382,172.00746
0.5858586,0.7979798,0.5199996,0.057062093,172.76555
0.5959596,0.7979798,0.52896345,0.058069024,174.81
0.6060606,0.7979798,0.5379383,0.059075907,176.20288
0.61616164,0.7979798,0.5469222,0.060083106,177.053
0.6262626,0.7979798,0.5559109,0.06108983,178.5107
0.6363636,0.7979798,0.56488585,0.062096853,180.03621
0.64646465,0.7979798,0.5738692,0.06310389,181.22047
0.65656567,0.7979798,0.5828561,0.06411121,181.70625
0.6666667,0.7979798,0.5918247,0.06511824,183.7045
0.67676765,0.7979798,0.60080063,0.06612563,185.17078
0.68686867,0.7979798,0.60977405,0.067133196,186.76445
0.6969697,0.7979798,0.61877865,0.06814015,187.04533
0.7070707,0.7979798,0.62775445,0.06914769,188.47063
0.7171717,0.7979798,0.63672185,0.070155054,190.52774
0.72727275,0.7979798,0.6457096,0.07116291,190.84737
0.7373737,0.7979798,0.6546899,0.07217002,191.9277
0.74747473,0.7979798,0.66365814,0.073178634,193.52585
0.75757575,0.7979798,0.6726517,0.07418531,194.9124
0.7676768,0.7979798,0.6816138,0.0751939,196.50012
0.7777778,0.7979798,0.69059944,0.076202035,197.95895
0.7878788,0.7979798,0.6995755,0.07721003,199.20766
0.7979798,0.7979798,0.7085526,0.07821778,200.2485
0.8080808,0.7979798,0.7175288,0.07922585,201.48158
0.8181818,0.7979798,0.72649765,0.0802337,203.11475
0.82828283,0.7979798,0.7354827,0.08124218,203.57669
0.83838385,0.7979798,0.74444556,0.082251035,205.61888
0.8484849,0.7979798,0.7534181,0.08325899,207.9852
0.85858583,0.7979798,0.76239955,0.08426819,208.6319
0.86868685,0.7979798,0.77137536,0.08527664,209.32108
0.8787879,0.7979798,0.7803482,0.08628554,210.63239
0.8888889,0.7979798,0.78932583,0.087294735,211.58456
0.8989899,0.7979798,0.7983029,0.08830398,212.90182
0.90909094,0.7979798,0.80728,0.08931451,215.02823
0.9191919,0.7979798,0.816253,0.09032384,216.05342
0.9292929,0.7979798,0.82521397,0.09133487,217.68213
0.93939394,0.7979798,0.8341951,0.092344426,217.55547
0.94949496,0.7979798,0.84315795,0.09335633,220.52675
0.959596,0.7979798,0.8521427,0.094367936,220.8732
0.969697,0.7979798,0.86110085,0.09537981,222.60472
0.97979796,0.7979798,0.8701003,0.09639199,223.57553
0.989899,0.7979798,0.879063,0.09740529,223.64632
1.0,0.7979798,0.8880317,0.09841899,223.9883
0.0,0.8080808,0.0,0.0,0.0
0.01010101,0.8080808,0.008707237,7.720321e-05,93.20434
0.02020202,0.8080808,0.017414913,0.0009986305,100.226456
0.030303031,0.8080808,0.026307294,0.0019861567,101.5139
0.04040404,0.8080808,0.03529876,0.002952172,104.33644
0.05050505,0.8080808,0.044344272,0.0039241663,105.71801
0.060606062,0.8080808,0.053419217,0.0048917606,106.321884
0.07070707,0.8080808,0.062497444,0.0058311857,110.17555
0.08080808,0.8080808,0.07157049,0.006804394,111.09677
0.09090909,0.8080808,0.08064847,0.0077793854,111.44984
0.1010101,0.8080808,0.08972248,0.00874276,113.00277
0.11111111,0.8080808,0.098800264,0.00970061,114.83077
0.121212125,0.8080808,0.10788166,0.0106589645,116.33374
0.13131313,0.8080808,0.11696471,0.01161786,117.7133
0.14141414,0.8080808,0.12604831,0.012577849,118.87103
0.15151516,0.8080808,0.13513565,0.013537366,120.00855
0.16161616,0.8080808,0.14422499,0.014496293,121.00246
0.17171717,0.8080808,0.15331966,0.015453569,121.99553
0.18181819,0.8080808,0.1624045,0.016410036,123.49784
0.1919192,0.8080808,0.17150225,0.01736603,124.279594
0.2020202,0.8080808,0.18059507,0.018321253,125.57786
0.21212122,0.8080808,0.18968,0.01927618,126.9836
0.22222222,0.8080808,0.19877434,0.020231519,128.1798
0.23232323,0.8080808,0.20786387,0.021186555,129.51884
0.24242425,0.8080808,0.21694389,0.022142293,131.07602
0.25252524,0.8080808,0.22603716,0.023098398,132.22191
0.26262626,0.8080808,0.2351287,0.024055023,132.99547
0.27272728,0.8080808,0.244221,0.025011959,134.26617
0.28282827,0.8080808,0.25329906,0.025969574,135.76299
0.2929293,0.8080808,0.26239094,0.026927654,136.7962
0.3030303,0.8080808,0.27147746,0.02788637,138.14923
0.3131313,0.8080808,0.28056914,0.028845541,138.98033
0.32323232,0.8080808,0.28965664,0.029805262,140.22049
0.33333334,0.8080808,0.29874167,0.030765332,141.70483
0.34343433,0.8080808,0.30783,0.03172612,142.70953
0.35353535,0.8080808,0.31691933,0.03268759,144.21158
0.36363637,0.8080808,0.3260065,0.033649392,144.9708
0.37373737,0.8080808,0.33508968,0.03461143,146.54323
0.3838384,0.8080808,0.34417766,0.035574026,147.51367
0.3939394,0.8080808,0.3532583,0.036537286,149.19043
0.4040404,0.8080808,0.36234874,0.037501056,150.52669
0.41414142,0.8080808,0.37142387,0.03846494,151.81154
0.42424244,0.8080808,0.38050583,0.039429072,153.11763
0.43434343,0.8080808,0.38959262,0.04039364,154.62488
0.44444445,0.8080808,0.39867446,0.04135867,155.40123
0.45454547,0.8080808,0.40776762,0.042324364,156.73302
0.46464646,0.8080808,0.4168377,0.043289904,158.44629
0.47474748,0.8080808,0.42591685,0.04425585,159.51953
0.4848485,0.8080808,0.4350058,0.04522213,160.68369
0.4949495,0.8080808,0.4440803,0.046188336,162.17418
0.5050505,0.8080808,0.4531734,0.04715504,163.02393
0.5151515,0.8080808,0.4622506,0.04812185,163.98727
0.5252525,0.8080808,0.4713334,0.0490888,165.63274
0.53535354,0.8080808,0.48041633,0.05005603,166.82521
0.54545456,0.8080808,0.48949862,0.051023524,168.00128
0.5555556,0.8080808,0.49856028,0.051991448,170.22826
0.56565654,0.8080808,0.50765175,0.052958865,171.24117
0.57575756,0.8080808,0.51672536,0.05392632,172.21086
0.5858586,0.8080808,0.52582,0.054894455,173.04234
0.5959596,0.8080808,0.53488773,0.05586276,174.80627
0.6060606,0.8080808,0.54397565,0.05683059,175.91566
0.61616164,0.8080808,0.5530572,0.057798896,177.5451
0.6262626,0.8080808,0.5621477,0.05876672,178.10017
0.6363636,0.8080808,0.57122,0.059735827,179.78922
0.64646465,0.8080808,0.58029675,0.060703814,181.3978
0.65656567,0.8080808,0.58939236,0.061672594,182.37494
0.6666667,0.8080808,0.59845465,0.06264111,183.96155
0.67676765,0.8080808,0.60754013,0.06361046,184.8258
0.68686867,0.8080808,0.61661875,0.06457814,185.6178
0.6969697,0.8080808,0.62569684,0.06554663,187.37465
0.7070707,0.8080808,0.63477767,0.066515416,189.32149
0.7171717,0.8080808,0.6438642,0.06748434,189.73648
0.72727275,0.8080808,0.6529395,0.068453655,191.1968
0.7373737,0.8080808,0.662032,0.06942222,191.82712
0.74747473,0.8080808,0.6711115,0.07039124,193.58098
0.75757575,0.8080808,0.6801792,0.071360305,195.41457
0.7676768,0.8080808,0.68926275,0.07232936,196.47554
0.7777778,0.8080808,0.6983378,0.07329822,197.87848
0.7878788,0.8080808,0.70743465,0.07426757,198.3732
0.7979798,0.8080808,0.7165087,0.07523682,199.21512
0.8080808,0.8080808,0.7255749,0.07620616,201.44359
0.8181818,0.8080808,0.7346499,0.077175476,202.61555
0.82828283,0.8080808,0.7437153,0.07814601,204.2584
0.83838385,0.8080808,0.75281036,0.07911559,205.0057
0.8484849,0.8080808,0.76189107,0.080084704,206.18736
0.85858583,0.8080808,0.7709573,0.081055254,207.83246
0.86868685,0.8080808,0.7800276,0.082024984,208.90906
0.8787879,0.8080808,0.789114,0.0829948,210.5929
0.8888889,0.8080808,0.79818404,0.08396582,211.7075
0.8989899,0.8080808,0.8072537,0.084936425,213.57164
0.90909094,0.8080808,0.8163328,0.08590754,215.60638
0.9191919,0.8080808,0.8254019,0.08687949,215.77104
0.9292929,0.8080808,0.8344814,0.08785043,217.28725
0.93939394,0.8080808,0.8435767,0.088822305,217.9645
0.94949496,0.8080808,0.8526532,0.08979498,219.13797
0.959596,0.8080808,0.86171806,0.09076757,220.37178
0.969697,0.8080808,0.8707957,0.09174105,221.64285
0.97979796,0.8080808,0.87986493,0.09271547,222.75449
0.989899,0.8080808,0.8889461,0.09369037,223.63513
1.0,0.8080808,0.8980166,0.09466472,224.10005
0.0,0.8181818,0.0,0.0,0.0
0.01010101,0.8181818,0.008807904,7.077943e-05,91.37537
0.02020202,0.8181818,0.017614758,0.00095496874,99.65766
0.030303031,0.8181818,0.026606051,0.0019016484,101.84491
0.04040404,0.8181818,0.03569799,0.0028354803,104.31337
0.05050505,0.8181818,0.044839635,0.0037727172,105.46723
0.060606062,0.8181818,0.054011483,0.004699139,106.34712
0.07070707,0.8181818,0.06318628,0.0056014215,110.13714
0.08080808,0.8181818,0.07235959,0.0065366304,110.83516
0.09090909,0.8181818,0.08153023,0.0074731465,111.36951
0.1010101,0.8181818,0.09070291,0.008397041,112.96952
0.11111111,0.8181818,0.09987754,0.009316391,114.8168
0.121212125,0.8181818,0.109053865,0.010235268,116.409546
0.13131313,0.8181818,0.11823389,0.011156493,117.65892
0.14141414,0.8181818,0.12741296,0.012077143,118.87001
0.15151516,0.8181818,0.13659391,0.012997484,120.14471
0.16161616,0.8181818,0.14578341,0.013916915,120.95654
0.17171717,0.8181818,0.15496825,0.014835327,122.203026
0.18181819,0.8181818,0.16415776,0.015752766,123.22087
0.1919192,0.8181818,0.17334217,0.0166693,124.65231
0.2020202,0.8181818,0.18252926,0.017585615,125.726685
0.21212122,0.8181818,0.19171852,0.018501386,126.9551
0.22222222,0.8181818,0.20090249,0.019417347,128.17867
0.23232323,0.8181818,0.21008849,0.020333432,129.38138
0.24242425,0.8181818,0.21927978,0.0212502,130.31084
0.25252524,0.8181818,0.2284615,0.022166781,131.85478
0.26262626,0.8181818,0.2376443,0.023084065,133.07538
0.27272728,0.8181818,0.24682353,0.024001619,134.44498
0.28282827,0.8181818,0.25600946,0.024920171,135.61472
0.2929293,0.8181818,0.265198,0.025838718,136.5399
0.3030303,0.8181818,0.2743799,0.026757898,137.72119
0.3131313,0.8181818,0.2835641,0.027677543,139.02206
0.32323232,0.8181818,0.29274797,0.028597903,140.06625
0.33333334,0.8181818,0.30192626,0.029518548,141.75717
0.34343433,0.8181818,0.3111148,0.030439798,142.5542
0.35353535,0.8181818,0.32029936,0.03136176,143.84985
0.36363637,0.8181818,0.32947525,0.03228355,145.6324
0.37373737,0.8181818,0.3386559,0.03320629,146.59949
0.3838384,0.8181818,0.3478435,0.034129184,147.57216
0.3939394,0.8181818,0.35702696,0.03505266,148.82051
0.4040404,0.8181818,0.3662009,0.03597696,150.39183
0.41414142,0.8181818,0.37537956,0.03690112,151.66849
0.42424244,0.8181818,0.38455862,0.03782548,153.34003
0.43434343,0.8181818,0.39374384,0.03875005,154.22852
0.44444445,0.8181818,0.4029299,0.039675485,155.06967
0.45454547,0.8181818,0.41211227,0.04060113,156.35341
0.46464646,0.8181818,0.42129004,0.041526914,157.73848
0.47474748,0.8181818,0.4304678,0.042453345,159.29005
0.4848485,0.8181818,0.43964225,0.043379564,160.2564
0.4949495,0.8181818,0.4488071,0.0443058,162.20137
0.5050505,0.8181818,0.45800325,0.045232538,163.40613
0.5151515,0.8181818,0.467178,0.04615943,163.98355
0.5252525,0.8181818,0.47635624,0.0470871,165.33061
0.53535354,0.8181818,0.48553538,0.04801412,166.4821
0.54545456,0.8181818,0.4947095,0.048941553,168.37418
0.5555556,0.8181818,0.50389045,0.049869467,169.34387
0.56565654,0.8181818,0.5130679,0.05079681,170.71925
0.57575756,0.8181818,0.52223474,0.051724978,172.60835
0.5858586,0.8181818,0.5314229,0.05265276,172.79126
0.5959596,0.8181818,0.54060346,0.053581055,173.90662
0.6060606,0.8181818,0.549778,0.054508924,175.62396
0.61616164,0.8181818,0.5589598,0.055437386,176.81308
0.6262626,0.8181818,0.56813455,0.056365754,177.99734
0.6363636,0.8181818,0.57730997,0.05729394,179.68118
0.64646465,0.8181818,0.5864906,0.05822204,180.4594
0.65656567,0.8181818,0.5956641,0.059151035,182.21214
0.6666667,0.8181818,0.604833,0.060079746,183.89784
0.67676765,0.8181818,0.6140255,0.06100781,184.0707
0.68686867,0.8181818,0.6232012,0.06193709,185.76048
0.6969697,0.8181818,0.6323794,0.062865734,186.93655
0.7070707,0.8181818,0.64156026,0.0637946,188.3246
0.7171717,0.8181818,0.6507424,0.06472306,189.16205
0.72727275,0.8181818,0.6599166,0.06565146,189.92871
0.7373737,0.8181818,0.6690905,0.0665803,191.56187
0.74747473,0.8181818,0.6782731,0.06750965,192.91788
0.75757575,0.8181818,0.6874484,0.06843884,193.93861
0.7676768,0.8181818,0.69661236,0.06936781,195.9756
0.7777778,0.8181818,0.70579624,0.07029734,196.89276
0.7878788,0.8181818,0.71495765,0.071225986,198.47379
0.7979798,0.8181818,0.7241457,0.072156206,199.5109
0.8080808,0.8181818,0.733317,0.0730851,200.75589
0.8181818,0.8181818,0.7424874,0.074014656,202.70348
0.82828283,0.8181818,0.7516744,0.074943945,203.2347
0.83838385,0.8181818,0.76084405,0.075873956,204.36049
0.8484849,0.8181818,0.77002513,0.07680364,206.01451
0.85858583,0.8181818,0.7791994,0.0777333,207.31389
0.86868685,0.8181818,0.78838307,0.0786634,207.94347
0.8787879,0.8181818,0.7975475,0.079593904,209.55652
0.8888889,0.8181818,0.80670065,0.080524646,212.0912
0.8989899,0.8181818,0.8158896,0.08145498,212.31995
0.90909094,0.8181818,0.82506627,0.0823862,213.92853
0.9191919,0.8181818,0.8342305,0.083318,215.94316
0.9292929,0.8181818,0.8434046,0.08424931,215.6511
0.93939394,0.8181818,0.8525806,0.085181765,217.1047
0.94949496,0.8181818,0.861762,0.0861143,218.46965
0.959596,0.8181818,0.87093216,0.08704674,219.94263
0.969697,0.8181818,0.880084,0.087979876,220.78082
0.97979796,0.8181818,0.88927376,0.08891381,221.8753
0.989899,0.8181818,0.8984458,0.08984803,222.67252
1.0,0.8181818,0.90761936,0.090782546,222.97203
0.0,0.82828283,0.0,0.0,0.0
0.01010101,0.82828283,0.008906049,6.57499e-05,89.323685
0.02020202,0.82828283,0.017809074,0.00091098156,98.96705
0.030303031,0.82828283,0.026897358,0.0018185803,101.79116
0.04040404,0.82828283,0.036082584,0.002712576,104.62958
0.05050505,0.82828283,0.04531948,0.0036152287,105.23966
0.060606062,0.82828283,0.054582566,0.004499307,106.50577
0.07070707,0.82828283,0.063851014,0.0053631463,110.06468
0.08080808,0.82828283,0.07311701,0.0062589403,110.65225
0.09090909,0.82828283,0.08238199,0.0071549253,111.26711
0.1010101,0.82828283,0.091648184,0.008039029,112.7881
0.11111111,0.82828283,0.10091439,0.008918082,114.67589
0.121212125,0.82828283,0.110179275,0.009797335,116.47669
0.13131313,0.82828283,0.11945629,0.010677834,117.51083
0.14141414,0.82828283,0.12872711,0.011558415,118.75378
0.15151516,0.82828283,0.13800412,0.0124382125,119.83961
0.16161616,0.82828283,0.1472809,0.013317734,120.82551
0.17171717,0.82828283,0.15656064,0.014195665,121.94524
0.18181819,0.82828283,0.16583553,0.015072599,123.37938
0.1919192,0.82828283,0.1751169,0.015948331,124.3107
0.2020202,0.82828283,0.18439499,0.016824283,125.40612
0.21212122,0.82828283,0.19367056,0.017699642,127.03538
0.22222222,0.82828283,0.20294672,0.018575184,128.40964
0.23232323,0.82828283,0.21222313,0.019451115,129.66487
0.24242425,0.82828283,0.2214988,0.020327056,130.94191
0.25252524,0.82828283,0.23077905,0.021203337,131.9334
0.26262626,0.82828283,0.24005821,0.022080176,133.08432
0.27272728,0.82828283,0.24933062,0.022957357,134.5154
0.28282827,0.82828283,0.25860348,0.023834962,135.90846
0.2929293,0.82828283,0.26788124,0.02471298,136.91727
0.3030303,0.82828283,0.2771582,0.025591355,137.99686
0.3131313,0.82828283,0.28643844,0.026470445,138.92464
0.32323232,0.82828283,0.29571512,0.027350273,140.19775
0.33333334,0.82828283,0.30499095,0.028230133,141.22707
0.34343433,0.82828283,0.31426364,0.029110387,142.76561
0.35353535,0.82828283,0.32354274,0.02999141,143.62521
0.36363637,0.82828283,0.33281043,0.030872744,145.18425
0.37373737,0.82828283,0.34208953,0.03175411,146.4095
0.3838384,0.82828283,0.35136074,0.032636326,147.5297
0.3939394,0.82828283,0.36063412,0.03351912,148.93822
0.4040404,0.82828283,0.36991107,0.034401797,150.27896
0.41414142,0.82828283,0.37918144,0.035285145,151.49825
0.42424244,0.82828283,0.38846096,0.036168333,152.36139
0.43434343,0.82828283,0.39773172,0.037052464,153.85822
0.44444445,0.82828283,0.4070055,0.037936475,155.1792
0.45454547,0.82828283,0.4162745,0.038821034,156.47224
0.46464646,0.82828283,0.42553908,0.039705995,158.10504
0.47474748,0.82828283,0.43481827,0.040590752,159.09337
0.4848485,0.82828283,0.4441052,0.041475803,159.59554
0.4949495,0.82828283,0.45335755,0.04236149,161.80501
0.5050505,0.82828283,0.4626307,0.0432467,162.80934
0.5151515,0.82828283,0.47188735,0.044133186,164.98677
0.5252525,0.82828283,0.48117813,0.045018498,165.12238
0.53535354,0.82828283,0.49044326,0.045905035,166.6274
0.54545456,0.82828283,0.49971405,0.04679095,168.07019
0.5555556,0.82828283,0.5089802,0.047677636,169.55696
0.56565654,0.82828283,0.5182567,0.04856396,170.4745
0.57575756,0.82828283,0.52752054,0.049450826,172.02794
0.5858586,0.82828283,0.53679705,0.050337013,173.01291
0.5959596,0.82828283,0.54606545,0.051224355,174.31006
0.6060606,0.82828283,0.55533785,0.052111477,175.50848
0.61616164,0.82828283,0.56461895,0.052997973,176.97438
0.6262626,0.82828283,0.5738833,0.053885527,177.73732
0.6363636,0.82828283,0.5831574,0.054772846,179.1019
0.64646465,0.82828283,0.5924166,0.05566003,180.54396
0.65656567,0.82828283,0.6016998,0.05654684,181.06438
0.6666667,0.82828283,0.6109672,0.05743409,182.58878
0.67676765,0.82828283,0.62024236,0.05832174,183.89821
0.68686867,0.82828283,0.62950885,0.05920917,185.46358
0.6969697,0.82828283,0.6387734,0.060096625,186.77489
0.7070707,0.82828283,0.64805645,0.060983784,187.29642
0.7171717,0.82828283,0.65733886,0.06187118,187.96698
0.72727275,0.82828283,0.66659105,0.062758766,190.61044
0.7373737,0.82828283,0.6758745,0.06364616,190.8064
0.74747473,0.82828283,0.68513906,0.064534,192.37549
0.75757575,0.82828283,0.6943984,0.06542169,194.3849
0.7676768,0.82828283,0.7036645,0.06631007,195.55986
0.7777778,0.82828283,0.7129332,0.06719767,196.2088
0.7878788,0.82828283,0.7222103,0.068085715,197.1513
0.7979798,0.82828283,0.73147345,0.06897393,198.9238
0.8080808,0.82828283,0.7407494,0.06986132,200.07715
0.8181818,0.82828283,0.7500142,0.070750006,201.4868
0.82828283,0.82828283,0.7592834,0.0716378,202.64088
0.83838385,0.82828283,0.7685556,0.0725264,203.80989
0.8484849,0.82828283,0.77782446,0.07341434,205.12715
0.85858583,0.82828283,0.7870843,0.07430408,206.56735
0.86868685,0.82828283,0.7963372,0.07519367,208.35176
0.8787879,0.82828283,0.8056194,0.07608227,209.7562
0.8888889,0.82828283,0.81486636,0.07697165,211.59872
0.8989899,0.82828283,0.82414716,0.07786056,212.32367
0.90909094,0.82828283,0.83340245,0.078750834,214.24294
0.9191919,0.82828283,0.8426768,0.07964073,215.00737
0.9292929,0.82828283,0.8519456,0.08053068,215.82916
0.93939394,0.82828283,0.86121863,0.0814222,216.6301
0.94949496,0.82828283,0.87047374,0.082312725,218.78108
0.959596,0.82828283,0.87974906,0.083204,218.52478
0.969697,0.82828283,0.8890052,0.08409639,220.70035
0.97979796,0.82828283,0.8982928,0.08498884,220.83893
0.989899,0.82828283,0.90753883,0.08588282,221.48936
1.0,0.82828283,0.9167945,0.08677644,223.4973
0.0,0.83838385,0.0,0.0,0.0
0.01010101,0.83838385,0.009001478,5.6361027e-05,87.6047
0.02020202,0.83838385,0.01799878,0.0008691472,97.84852
0.030303031,0.83838385,0.027178768,0.0017308746,101.974976
0.04040404,0.83838385,0.036457904,0.0025902826,104.376976
0.05050505,0.83838385,0.045780897,0.0034505916,105.30003
0.060606062,0.83838385,0.0551359,0.0042929645,106.495155
0.07070707,0.83838385,0.06449037,0.0051172255,110.006615
0.08080808,0.83838385,0.073846534,0.0059729177,110.3871
0.09090909,0.83838385,0.08320051,0.0068264725,111.05556
0.1010101,0.83838385,0.092555694,0.0076684975,112.60365
0.11111111,0.83838385,0.10190938,0.008506099,114.537964
0.121212125,0.83838385,0.11126636,0.009344079,116.11823
0.13131313,0.83838385,0.12062633,0.0101831285,117.43848
0.14141414,0.83838385,0.12998652,0.011022014,118.66493
0.15151516,0.83838385,0.13934906,0.011860256,119.79593
0.16161616,0.83838385,0.14871408,0.012697513,120.83249
0.17171717,0.83838385,0.15808506,0.013534099,121.61089
0.18181819,0.83838385,0.16745028,0.0143688815,123.03572
0.1919192,0.83838385,0.17680953,0.015203328,124.58199
0.2020202,0.83838385,0.18617979,0.016037403,125.58531
0.21212122,0.83838385,0.19554357,0.016871156,126.868675
0.22222222,0.83838385,0.20490807,0.017705385,128.34221
0.23232323,0.83838385,0.21427463,0.018539043,129.57697
0.24242425,0.83838385,0.22363912,0.01937362,130.65245
0.25252524,0.83838385,0.23300262,0.020208113,131.75029
0.26262626,0.83838385,0.24236459,0.021043085,133.31064
0.27272728,0.83838385,0.2517312,0.021878453,134.25928
0.28282827,0.83838385,0.26109195,0.022714438,135.64546
0.2929293,0.83838385,0.27046695,0.023550486,136.36052
0.3030303,0.83838385,0.27982083,0.024386982,138.05273
0.3131313,0.83838385,0.28919014,0.025224276,138.99728
0.32323232,0.83838385,0.29854858,0.026061965,140.23985
0.33333334,0.83838385,0.30791944,0.026899599,141.26227
0.34343433,0.83838385,0.31727755,0.027737986,142.62442
0.35353535,0.83838385,0.32664475,0.028576769,143.47267
0.36363637,0.83838385,0.33600685,0.029415872,144.91714
0.37373737,0.83838385,0.34536582,0.030255359,146.30855
0.3838384,0.83838385,0.35473463,0.031095466,147.11972
0.3939394,0.83838385,0.36410066,0.03193582,148.57576
0.4040404,0.83838385,0.37346628,0.032776408,149.34428
0.41414142,0.83838385,0.38282537,0.033617273,150.84631
0.42424244,0.83838385,0.39218125,0.03445896,152.18407
0.43434343,0.83838385,0.40154585,0.03530007,153.47377
0.44444445,0.83838385,0.41090435,0.036141895,154.73589
0.45454547,0.83838385,0.42026293,0.036983915,156.37279
0.46464646,0.83838385,0.42962804,0.037826616,157.48515
0.47474748,0.83838385,0.4389808,0.038669284,158.7756
0.4848485,0.83838385,0.4483437,0.03951189,159.8712
0.4949495,0.83838385,0.457705,0.040355038,161.29016
0.5050505,0.83838385,0.46706063,0.041197892,162.3787
0.5151515,0.83838385,0.4764255,0.042041317,163.57228
0.5252525,0.83838385,0.48578727,0.04288499,164.80983
0.53535354,0.83838385,0.49514464,0.043728642,166.23773
0.54545456,0.83838385,0.5045095,0.044572633,167.28378
0.5555556,0.83838385,0.51386166,0.045416325,169.27682
0.56565654,0.83838385,0.5232204,0.04626009,169.84529
0.57575756,0.83838385,0.5325823,0.047104865,171.3086
0.5858586,0.83838385,0.5419246,0.04794901,173.27554
0.5959596,0.83838385,0.55129594,0.0487931,173.61491
0.6060606,0.83838385,0.5606553,0.049637496,174.83607
0.61616164,0.83838385,0.57001495,0.05048171,176.35188
0.6262626,0.83838385,0.5793774,0.05132693,177.43483
0.6363636,0.83838385,0.58873814,0.05217101,178.60532
0.64646465,0.83838385,0.59809166,0.05301581,179.8436
0.65656567,0.83838385,0.60745317,0.0538608,181.69135
0.6666667,0.83838385,0.6168176,0.05470528,181.9551
0.67676765,0.83838385,0.6261813,0.055549767,183.6341
0.68686867,0.83838385,0.63552934,0.056394596,185.19983
0.6969697,0.83838385,0.6448894,0.05723989,186.21385
0.7070707,0.83838385,0.65426075,0.0580847,186.82516
0.7171717,0.83838385,0.66362166,0.058929604,187.88539
0.72727275,0.83838385,0.6729688,0.059774805,189.44518
0.7373737,0.83838385,0.6823293,0.060619902,191.27094
0.74747473,0.83838385,0.69169587,0.061465103,191.48775
0.75757575,0.83838385,0.7010564,0.06231017,192.83034
0.7676768,0.83838385,0.71041656,0.063155346,194.07347
0.7777778,0.83838385,0.71976864,0.06400057,195.20894
0.7878788,0.83838385,0.72911507,0.06484605,197.57227
0.7979798,0.83838385,0.7384646,0.06569207,198.7271
0.8080808,0.83838385,0.7478259,0.0665375,200.36475
0.8181818,0.83838385,0.7571765,0.06738306,201.49797
0.82828283,0.83838385,0.76653373,0.068228915,203.21086
0.83838385,0.83838385,0.77590585,0.06907408,203.3785
0.8484849,0.83838385,0.7852577,0.06992062,205.2553
0.85858583,0.83838385,0.7946103,0.07076674,206.06816
0.86868685,0.83838385,0.80398107,0.07161317,206.87431
0.8787879,0.83838385,0.81334066,0.072459884,208.14091
0.8888889,0.83838385,0.82267886,0.07330653,210.65771
0.8989899,0.83838385,0.83203614,0.074153624,212.26927
0.90909094,0.83838385,0.8413953,0.07500167,212.9279
0.9191919,0.83838385,0.8507527,0.07584904,213.92628
0.9292929,0.83838385,0.86010313,0.0766968,215.71443
0.93939394,0.83838385,0.86945575,0.077544525,216.3969
0.94949496,0.83838385,0.8788279,0.07839314,217.24403
0.959596,0.83838385,0.88818,0.07924206,218.06807
0.969697,0.83838385,0.89751905,0.08009205,221.04979
0.97979796,0.83838385,0.906888,0.080941714,220.96411
0.989899,0.83838385,0.9162514,0.08179243,221.93045
1.0,0.83838385,0.92558455,0.08264397,223.39671
0.0,0.8484849,0.0,0.0,0.0
0.01010101,0.8484849,0.009094321,5.2844338e-05,85.24095
0.02020202,0.8484849,0.018182285,0.0008215375,97.19156
0.030303031,0.8484849,0.027452847,0.0016414184,101.938416
0.04040404,0.8484849,0.03681857,0.0024596825,104.58545
0.05050505,0.8484849,0.046226278,0.003280928,105.27549
0.060606062,0.8484849,0.055667315,0.0040793857,106.50437
0.07070707,0.8484849,0.065107025,0.0048642377,109.67157
0.08080808,0.8484849,0.07454648,0.0056764516,110.1051
0.09090909,0.8484849,0.083984986,0.006486029,110.82809
0.1010101,0.8484849,0.09342144,0.0072850706,112.56365
0.11111111,0.8484849,0.102862984,0.008080537,114.248505
0.121212125,0.8484849,0.11230286,0.008876085,115.89751
0.13131313,0.8484849,0.12174613,0.009671829,117.196144
0.14141414,0.8484849,0.13119327,0.010467828,118.41599
0.15151516,0.8484849,0.14063811,0.0112630045,119.68324
0.16161616,0.8484849,0.15009162,0.012057294,120.262054
0.17171717,0.8484849,0.15953884,0.012850296,121.693596
0.18181819,0.8484849,0.16898145,0.013642391,123.30357
0.1919192,0.8484849,0.17843542,0.014433983,124.14967
0.2020202,0.8484849,0.1878868,0.015225217,125.37222
0.21212122,0.8484849,0.19733976,0.01601621,126.35328
0.22222222,0.8484849,0.20678128,0.01680718,128.05388
0.23232323,0.8484849,0.2162347,0.017598433,128.92839
0.24242425,0.8484849,0.2256805,0.018389609,130.28253
0.25252524,0.8484849,0.23512837,0.019181464,131.54689
0.26262626,0.8484849,0.24457812,0.019973356,132.56557
0.27272728,0.8484849,0.25402176,0.020765556,134.02068
0.28282827,0.8484849,0.26346362,0.021558166,135.75107
0.2929293,0.8484849,0.27292195,0.022351308,136.34059
0.3030303,0.8484849,0.28236595,0.023144707,137.58894
0.3131313,0.8484849,0.29181588,0.023938833,138.55844
0.32323232,0.8484849,0.30125746,0.024732953,140.01076
0.33333334,0.8484849,0.31071046,0.025527593,141.18925
0.34343433,0.8484849,0.3201572,0.026322663,142.1282
0.35353535,0.8484849,0.329603,0.027117964,143.64757
0.36363637,0.8484849,0.33905783,0.027913492,144.2723
0.37373737,0.8484849,0.34849826,0.028710281,145.73428
0.3838384,0.8484849,0.3579483,0.029506514,146.78873
0.3939394,0.8484849,0.3673854,0.030303288,148.40253
0.4040404,0.8484849,0.3768388,0.031100504,149.43033
0.41414142,0.8484849,0.3862877,0.03189797,150.3732
0.42424244,0.8484849,0.39573252,0.032695767,151.79552
0.43434343,0.8484849,0.40518,0.033493638,152.95967
0.44444445,0.8484849,0.41460907,0.034291774,154.95569
0.45454547,0.8484849,0.42406714,0.0350903,155.71677
0.46464646,0.8484849,0.43350577,0.03588912,157.4967
0.47474748,0.8484849,0.44294655,0.03668784,158.64894
0.4848485,0.8484849,0.45238957,0.03748712,160.1778
0.4949495,0.8484849,0.4618384,0.038286433,161.04282
0.5050505,0.8484849,0.47127658,0.03908599,162.8723
0.5151515,0.8484849,0.4807156,0.03988563,164.47641
0.5252525,0.8484849,0.49016845,0.040685598,164.98602
0.53535354,0.8484849,0.49961752,0.041485686,165.67633
0.54545456,0.8484849,0.50904995,0.04228552,167.76025
0.5555556,0.8484849,0.5184935,0.04308555,169.18071
0.56565654,0.8484849,0.5279377,0.04388618,170.31915
0.57575756,0.8484849,0.5373832,0.044686407,171.43599
0.5858586,0.8484849,0.54684454,0.045486853,171.10966
0.5959596,0.8484849,0.5562757,0.04628763,173.24239
0.6060606,0.8484849,0.56571347,0.047088154,174.98174
0.61616164,0.8484849,0.5751539,0.047889188,176.56944
0.6262626,0.8484849,0.5846008,0.048689216,177.6319
0.6363636,0.8484849,0.59404457,0.04949061,178.54274
0.64646465,0.8484849,0.6034968,0.050291296,179.92668
0.65656567,0.8484849,0.6129406,0.05109202,180.20757
0.6666667,0.8484849,0.6223766,0.051893342,182.39096
0.67676765,0.8484849,0.63181776,0.052694388,183.75627
0.68686867,0.8484849,0.6412823,0.05349507,183.62366
0.6969697,0.8484849,0.65071356,0.054296244,185.63457
0.7070707,0.8484849,0.6601637,0.055097703,185.96388
0.7171717,0.8484849,0.6696073,0.05589869,187.55533
0.72727275,0.8484849,0.67904484,0.056699753,189.25928
0.7373737,0.8484849,0.6884984,0.057500828,189.88736
0.74747473,0.8484849,0.6979472,0.058302425,190.62347
0.75757575,0.8484849,0.70738417,0.059104294,192.16351
0.7676768,0.8484849,0.71682715,0.059905753,193.22672
0.7777778,0.8484849,0.72626317,0.060707416,194.59389
0.7878788,0.8484849,0.73569494,0.061508916,196.7013
0.7979798,0.8484849,0.7451455,0.06231058,197.31111
0.8080808,0.8484849,0.7545835,0.06311236,198.94093
0.8181818,0.8484849,0.7640384,0.06391373,199.47365
0.82828283,0.8484849,0.77346855,0.06471554,201.60078
0.83838385,0.8484849,0.78290546,0.065518,202.85994
0.8484849,0.8484849,0.7923511,0.066320226,203.7704
0.85858583,0.8484849,0.8017908,0.06712259,205.23668
0.86868685,0.8484849,0.81121784,0.06792578,207.29974
0.8787879,0.8484849,0.8206698,0.068727866,208.17891
0.8888889,0.8484849,0.8301071,0.06953089,209.18324
0.8989899,0.8484849,0.83953094,0.07033429,211.83789
0.90909094,0.8484849,0.8489923,0.07113813,211.50113
0.9191919,0.8484849,0.8584271,0.07194152,213.59846
0.9292929,0.8484849,0.8678822,0.07274535,214.158
0.93939394,0.8484849,0.8773164,0.07355022,215.67941
0.94949496,0.8484849,0.8867448,0.07435481,217.44444
0.959596,0.8484849,0.8961978,0.07515982,218.3564
0.969697,0.8484849,0.9056236,0.07596554,220.11548
0.97979796,0.8484849,0.9150778,0.07677184,219.89941
0.989899,0.8484849,0.92451125,0.07757829,221.54599
1.0,0.8484849,0.93394715,0.078386396,222.95714
0.0,0.85858583,0.0,0.0,0.0
0.01010101,0.85858583,0.009184407,4.7307683e-05,82.977
0.02020202,0.85858583,0.018361116,0.00077526027,96.188255
0.030303031,0.85858583,0.027717719,0.0015494116,101.89202
0.04040404,0.85858583,0.037165526,0.0023256913,104.77018
0.05050505,0.85858583,0.046657532,0.0031072441,104.996284
0.060606062,0.85858583,0.05617401,0.0038583097,106.80873
0.07070707,0.85858583,0.06569537,0.0046021114,109.49848
0.08080808,0.85858583,0.07521646,0.005370173,109.820816
0.09090909,0.85858583,0.08473581,0.0061352476,110.51819
0.1010101,0.85858583,0.09425456,0.006889543,112.14013
0.11111111,0.85858583,0.10377228,0.0076410165,113.9842
0.121212125,0.85858583,0.11329454,0.008392108,115.51641
0.13131313,0.85858583,0.12281736,0.009143844,116.91078
0.14141414,0.85858583,0.13234141,0.009895506,118.045044
0.15151516,0.85858583,0.14186618,0.010646763,119.341354
0.16161616,0.85858583,0.1513966,0.01139633,120.2967
0.17171717,0.85858583,0.16092671,0.0121450415,121.354126
0.18181819,0.85858583,0.17045419,0.012893175,122.53774
0.1919192,0.85858583,0.17998083,0.013640397,123.885086
0.2020202,0.85858583,0.18951349,0.014387512,124.79322
0.21212122,0.85858583,0.19903643,0.015134329,126.44138
0.22222222,0.85858583,0.20856246,0.015881075,127.79254
0.23232323,0.85858583,0.21808572,0.016628161,129.37244
0.24242425,0.85858583,0.22761703,0.017375406,130.07689
0.25252524,0.85858583,0.23714738,0.018122869,131.24533
0.26262626,0.85858583,0.24667059,0.018870361,132.83473
0.27272728,0.85858583,0.25619683,0.019618385,134.04843
0.28282827,0.85858583,0.26572266,0.020366833,135.24759
0.2929293,0.85858583,0.27525252,0.02111538,136.2346
0.3030303,0.85858583,0.2847787,0.02186471,137.23448
0.3131313,0.85858583,0.29430172,0.022614006,138.87137
0.32323232,0.85858583,0.30382714,0.023363812,140.15381
0.33333334,0.85858583,0.31335938,0.02411378,140.90538
0.34343433,0.85858583,0.3228853,0.024864364,142.09412
0.35353535,0.85858583,0.3324126,0.025615148,143.22307
0.36363637,0.85858583,0.34193587,0.026366187,144.7307
0.37373737,0.85858583,0.35146323,0.027117893,145.81177
0.3838384,0.85858583,0.360993,0.02786994,146.86678
0.3939394,0.85858583,0.37051833,0.028621683,148.19856
0.4040404,0.85858583,0.38004497,0.029374018,149.36868
0.41414142,0.85858583,0.38956347,0.030127142,150.96628
0.42424244,0.85858583,0.39908698,0.030879883,152.20251
0.43434343,0.85858583,0.40862167,0.031632897,152.87996
0.44444445,0.85858583,0.41814086,0.03238664,154.56564
0.45454547,0.85858583,0.4276674,0.033140223,155.66275
0.46464646,0.85858583,0.43719372,0.033893645,156.81944
0.47474748,0.85858583,0.44671646,0.034647822,158.09163
0.4848485,0.85858583,0.45623416,0.035402108,159.72742
0.4949495,0.85858583,0.4657579,0.036156897,160.86623
0.5050505,0.85858583,0.47528008,0.036911294,162.44351
0.5151515,0.85858583,0.4848017,0.037666045,163.8405
0.5252525,0.85858583,0.4943274,0.0384207,164.7301
0.53535354,0.85858583,0.50385416,0.039176043,166.01273
0.54545456,0.85858583,0.5133826,0.03993093,166.86246
0.5555556,0.85858583,0.5229007,0.04068633,168.50122
0.56565654,0.85858583,0.53243196,0.041441146,169.08087
0.57575756,0.85858583,0.541948,0.04219644,170.78929
0.5858586,0.85858583,0.5514694,0.042952206,172.18813
0.5959596,0.85858583,0.56099516,0.043707732,173.32025
0.6060606,0.85858583,0.5705231,0.044463195,174.14316
0.61616164,0.85858583,0.58003974,0.04521916,175.8296
0.6262626,0.85858583,0.58956534,0.04597466,176.78178
0.6363636,0.85858583,0.5990827,0.046730794,178.41943
0.64646465,0.85858583,0.6086105,0.047486555,179.33063
0.65656567,0.85858583,0.6181415,0.048242133,179.9211
0.6666667,0.85858583,0.62765795,0.04899846,181.90854
0.67676765,0.85858583,0.6371941,0.049754135,181.66452
0.68686867,0.85858583,0.6467038,0.050510332,184.21672
0.6969697,0.85858583,0.65624124,0.05126643,184.38176
0.7070707,0.85858583,0.6657593,0.052022535,185.90689
0.7171717,0.85858583,0.67528135,0.052778665,187.20552
0.72727275,0.85858583,0.68481016,0.053534806,188.24748
0.7373737,0.85858583,0.69432735,0.05429083,189.6739
0.74747473,0.85858583,0.7038574,0.055047266,190.24686
0.75757575,0.85858583,0.71337813,0.05580376,191.74666
0.7676768,0.85858583,0.7228893,0.056560278,193.67747
0.7777778,0.85858583,0.7324097,0.057316776,194.91464
0.7878788,0.85858583,0.7419456,0.058072817,195.27226
0.7979798,0.85858583,0.7514604,0.058829695,196.68527
0.8080808,0.85858583,0.76098585,0.059586596,197.89525
0.8181818,0.85858583,0.7705036,0.06034348,199.65358
0.82828283,0.85858583,0.7800139,0.061100576,200.83078
0.83838385,0.85858583,0.78953916,0.06185707,202.99963
0.8484849,0.85858583,0.79906523,0.06261427,203.47685
0.85858583,0.85858583,0.80858845,0.06337186,204.27481
0.86868685,0.85858583,0.81810963,0.064128935,205.77534
0.8787879,0.85858583,0.8276269,0.06488719,207.3884
0.8888889,0.85858583,0.83715206,0.06564476,209.27191
0.8989899,0.85858583,0.8466632,0.06640338,210.52286
0.90909094,0.85858583,0.85618466,0.06716216,212.41605
0.9191919,0.85858583,0.86571884,0.06792024,212.31696
0.9292929,0.85858583,0.87523085,0.06867928,214.66911
0.93939394,0.85858583,0.8847583,0.069438726,215.13626
0.94949496,0.85858583,0.89427704,0.07019847,216.59285
0.959596,0.85858583,0.90379333,0.07095859,217.70969
0.969697,0.85858583,0.9133129,0.07171883,218.54044
0.97979796,0.85858583,0.92283857,0.072480015,219.4576
0.989899,0.85858583,0.9323496,0.07324141,220.3785
1.0,0.85858583,0.9418714,0.07400356,221.23083
0.0,0.86868685,0.0,0.0,0.0
0.01010101,0.86868685,0.0092714885,4.210029e-05,80.61488
0.02020202,0.86868685,0.018534036,0.0007292468,95.06691
0.030303031,0.86868685,0.0279727,0.0014539574,101.88705
0.04040404,0.86868685,0.037498217,0.0021862148,105.11712
0.05050505,0.86868685,0.047069132,0.002926373,104.92806
0.060606062,0.86868685,0.056661166,0.003630861,106.84973
0.07070707,0.86868685,0.066256225,0.004331208,109.45038
0.08080808,0.86868685,0.075853296,0.005054501,109.61746
0.09090909,0.86868685,0.08544786,0.005772825,110.40098
0.1010101,0.86868685,0.09504352,0.0064813667,111.91494
0.11111111,0.86868685,0.10463623,0.0071872715,113.812645
0.121212125,0.86868685,0.11423329,0.007893253,115.26746
0.13131313,0.86868685,0.123831205,0.008599417,116.56629
0.14141414,0.86868685,0.13342889,0.009305458,117.92816
0.15151516,0.86868685,0.14303221,0.01001071,118.88985
0.16161616,0.86868685,0.15263362,0.010714806,120.08902
0.17171717,0.86868685,0.1622371,0.01141806,121.15594
0.18181819,0.86868685,0.17183897,0.0121207675,122.476
0.1919192,0.86868685,0.18144174,0.01282274,123.67619
0.2020202,0.86868685,0.19104257,0.013524297,125.10065
0.21212122,0.86868685,0.20064367,0.014225586,126.50127
0.22222222,0.86868685,0.21024168,0.014927125,128.00433
0.23232323,0.86868685,0.2198466,0.01562878,128.939
0.24242425,0.86868685,0.22944795,0.016330449,130.25217
0.25252524,0.86868685,0.23905094,0.017032428,131.43643
0.26262626,0.86868685,0.24865445,0.017734556,132.59164
0.27272728,0.86868685,0.2582562,0.018437065,133.6949
0.28282827,0.86868685,0.26785362,0.019139776,135.0265
0.2929293,0.86868685,0.2774535,0.019842997,136.55518
0.3030303,0.86868685,0.28706026,0.0205464,137.15178
0.3131313,0.86868685,0.29665834,0.021250276,138.59105
0.32323232,0.86868685,0.30626404,0.021954251,139.44562
0.33333334,0.86868685,0.31585643,0.022658495,141.26189
0.34343433,0.86868685,0.3254679,0.023363277,141.7242
0.35353535,0.86868685,0.33506617,0.024068374,143.007
0.36363637,0.86868685,0.34466755,0.02477371,144.363
0.37373737,0.86868685,0.35426807,0.02547916,145.58415
0.3838384,0.86868685,0.36387214,0.026184969,146.48605
0.3939394,0.86868685,0.37347576,0.026891116,147.59712
0.4040404,0.86868685,0.38307434,0.027597744,149.09003
0.41414142,0.86868685,0.39267212,0.0283044,150.28287
0.42424244,0.86868685,0.40227553,0.029011156,151.32558
0.43434343,0.86868685,0.4118754,0.029718237,152.48676
0.44444445,0.86868685,0.42147064,0.030425819,154.14748
0.45454547,0.86868685,0.4310687,0.031133106,155.60109
0.46464646,0.86868685,0.44067,0.031841185,156.76395
0.47474748,0.86868685,0.45027128,0.03254891,157.83049
0.4848485,0.86868685,0.4598697,0.03325711,159.23195
0.4949495,0.86868685,0.46946722,0.033965304,160.63153
0.5050505,0.86868685,0.47906148,0.034673825,161.89218
0.5151515,0.86868685,0.48865986,0.035382133,163.41284
0.5252525,0.86868685,0.49826178,0.036090735,164.42351
0.53535354,0.86868685,0.5078642,0.036799654,165.26804
0.54545456,0.86868685,0.5174548,0.037508246,167.27858
0.5555556,0.86868685,0.52704865,0.038217526,168.664
0.56565654,0.86868685,0.53664947,0.03892657,169.44781
0.57575756,0.86868685,0.54625314,0.039635487,170.58067
0.5858586,0.86868685,0.55584866,0.040344726,171.91246
0.5959596,0.86868685,0.5654523,0.041053858,172.55731
0.6060606,0.86868685,0.57504743,0.0417633,174.89977
0.61616164,0.86868685,0.58464706,0.042473037,175.4921
0.6262626,0.86868685,0.5942437,0.043182313,176.79594
0.6363636,0.86868685,0.60384655,0.04389165,177.6021
0.64646465,0.86868685,0.61344963,0.044601254,178.53603
0.65656567,0.86868685,0.62303877,0.04531139,180.29549
0.6666667,0.86868685,0.6326517,0.046020877,180.3793
0.67676765,0.86868685,0.64224565,0.046730395,181.7897
0.68686867,0.86868685,0.6518455,0.047440056,182.69942
0.6969697,0.86868685,0.6614517,0.048149996,183.48582
0.7070707,0.86868685,0.6710525,0.048859555,184.60266
0.7171717,0.86868685,0.680644,0.049569435,186.29431
0.72727275,0.86868685,0.69024307,0.050279185,187.34969
0.7373737,0.86868685,0.69983894,0.05098963,188.50937
0.74747473,0.86868685,0.709436,0.05169975,190.13472
0.75757575,0.86868685,0.7190328,0.05240916,190.77844
0.7676768,0.86868685,0.72862935,0.0531198,192.58112
0.7777778,0.86868685,0.7382338,0.053829376,193.15518
0.7878788,0.86868685,0.747823,0.0545405,195.17467
0.7979798,0.86868685,0.7574268,0.0552502,195.43842
0.8080808,0.86868685,0.7670268,0.055960763,196.95386
0.8181818,0.86868685,0.7766157,0.05667119,198.62726
0.82828283,0.86868685,0.7862195,0.057381872,199.6819
0.83838385,0.86868685,0.7958124,0.058092482,201.42905
0.8484849,0.86868685,0.8054119,0.058803577,202.33878
0.85858583,0.86868685,0.81500405,0.05951453,203.7052
0.86868685,0.86868685,0.824598,0.06022596,205.60435
0.8787879,0.86868685,0.8341838,0.06093713,207.27068
0.8888889,0.86868685,0.8437887,0.06164863,208.54175
0.8989899,0.86868685,0.85339355,0.062360723,209.20299
0.90909094,0.86868685,0.86298585,0.06307263,210.89464
0.9191919,0.86868685,0.872584,0.06378528,211.47653
0.9292929,0.86868685,0.88217914,0.064497806,212.96964
0.93939394,0.86868685,0.8917703,0.0652113,214.59386
0.94949496,0.86868685,0.90136856,0.06592454,215.41939
0.959596,0.86868685,0.91096616,0.06663814,216.4714
0.969697,0.86868685,0.9205552,0.06735195,218.39291
0.97979796,0.86868685,0.9301605,0.068066716,218.5449
0.989899,0.86868685,0.93975234,0.06878201,219.58873
1.0,0.86868685,0.94934446,0.06949765,220.24364
0.0,0.8787879,0.0,0.0,0.0
0.01010101,0.8787879,0.009355715,3.7108282e-05,78.141205
0.02020202,0.8787879,0.0187003,0.00067725684,94.47029
0.030303031,0.8787879,0.028215889,0.001354598,102.06441
0.04040404,0.8787879,0.037818242,0.0020440929,105.28711
0.05050505,0.8787879,0.0474601,0.0027384982,105.162384
0.060606062,0.8787879,0.057121977,0.0033963744,107.199165
0.07070707,0.8787879,0.066790625,0.0040521715,109.27064
0.08080808,0.8787879,0.07645645,0.0047285417,109.565865
0.09090909,0.8787879,0.08612347,0.005399156,110.29211
0.1010101,0.8787879,0.09578831,0.006061048,111.82381
0.11111111,0.8787879,0.10545265,0.006719942,113.72119
0.121212125,0.8787879,0.11511922,0.0073790057,115.11324
0.13131313,0.8787879,0.12478785,0.008038441,116.42584
0.14141414,0.8787879,0.13445763,0.008697605,117.6727
0.15151516,0.8787879,0.14413135,0.009355957,118.525795
0.16161616,0.8787879,0.15380114,0.010013256,119.92818
0.17171717,0.8787879,0.1634745,0.0106697455,120.9828
0.18181819,0.8787879,0.17314701,0.011325413,122.228546
0.1919192,0.8787879,0.18282138,0.0119806165,123.360565
0.2020202,0.8787879,0.19249065,0.012635844,124.817154
0.21212122,0.8787879,0.2021657,0.013290588,125.756485
0.22222222,0.8787879,0.21183513,0.013945321,127.28209
0.23232323,0.8787879,0.22150427,0.014600223,128.79651
0.24242425,0.8787879,0.23117469,0.015255371,129.98022
0.25252524,0.8787879,0.24084781,0.01591059,131.16095
0.26262626,0.8787879,0.25052136,0.016565997,132.20552
0.27272728,0.8787879,0.26019034,0.017221637,133.63342
0.28282827,0.8787879,0.2698627,0.017877592,134.667
0.2929293,0.8787879,0.2795331,0.018534057,136.12788
0.3030303,0.8787879,0.28920123,0.0191905,137.48016
0.3131313,0.8787879,0.29887474,0.019847333,138.55081
0.32323232,0.8787879,0.30854696,0.020504361,139.51994
0.33333334,0.8787879,0.318221,0.02116177,140.5742
0.34343433,0.8787879,0.3278874,0.021819454,141.90935
0.35353535,0.8787879,0.33756486,0.022477472,142.7615
0.36363637,0.8787879,0.3472368,0.023135511,143.9048
0.37373737,0.8787879,0.35690463,0.02379401,145.41484
0.3838384,0.8787879,0.3665769,0.024452545,146.25471
0.3939394,0.8787879,0.3762461,0.02511174,147.7126
0.4040404,0.8787879,0.38592353,0.025771076,148.22577
0.41414142,0.8787879,0.39559227,0.026430316,149.7617
0.42424244,0.8787879,0.40525943,0.02708994,151.31067
0.43434343,0.8787879,0.41492727,0.027749812,152.77545
0.44444445,0.8787879,0.4246036,0.02840988,153.47786
0.45454547,0.8787879,0.43426737,0.029070139,155.03467
0.46464646,0.8787879,0.4439315,0.029730666,156.84254
0.47474748,0.8787879,0.45360258,0.030391026,158.13075
0.4848485,0.8787879,0.4632741,0.031052029,159.3357
0.4949495,0.8787879,0.4729532,0.03171243,159.73523
0.5050505,0.8787879,0.48261225,0.03237386,161.78601
0.5151515,0.8787879,0.49228892,0.033034943,162.54112
0.5252525,0.8787879,0.5019516,0.03369555,164.39073
0.53535354,0.8787879,0.5116198,0.034357194,165.40437
0.54545456,0.8787879,0.5212892,0.035018526,166.64156
0.5555556,0.8787879,0.5309617,0.035680033,167.71443
0.56565654,0.8787879,0.5406318,0.03634184,168.49042
0.57575756,0.8787879,0.5502941,0.037003476,170.38919
0.5858586,0.8787879,0.55995995,0.037665177,171.97467
0.5959596,0.8787879,0.5696408,0.038326725,172.28238
0.6060606,0.8787879,0.5793048,0.038989082,173.4063
0.61616164,0.8787879,0.5889793,0.03965034,174.50043
0.6262626,0.8787879,0.5986424,0.040312964,176.09074
0.6363636,0.8787879,0.6083085,0.040974613,177.16214
0.64646465,0.8787879,0.6179787,0.041636806,178.55391
0.65656567,0.8787879,0.627656,0.042298682,179.0747
0.6666667,0.8787879,0.63732606,0.042960614,180.15504
0.67676765,0.8787879,0.64699304,0.043622743,181.60306
0.68686867,0.8787879,0.6566624,0.044285234,182.3891
0.6969697,0.8787879,0.66632956,0.04494726,184.09341
0.7070707,0.8787879,0.67599636,0.045609634,185.19872
0.7171717,0.8787879,0.6856679,0.046271794,185.96388
0.72727275,0.8787879,0.69533384,0.04693466,187.70694
0.7373737,0.8787879,0.7050095,0.047596633,188.20985
0.74747473,0.8787879,0.7146768,0.04825903,189.06668
0.75757575,0.8787879,0.72434276,0.048921704,190.64322
0.7676768,0.8787879,0.7340113,0.049584292,192.43732
0.7777778,0.8787879,0.7436815,0.050246708,193.20622
0.7878788,0.8787879,0.75333524,0.050910175,195.18622
0.7979798,0.8787879,0.76301926,0.051572848,195.33224
0.8080808,0.8787879,0.7726882,0.05223512,196.85104
0.8181818,0.8787879,0.78234863,0.05289861,198.93124
0.82828283,0.8787879,0.79201925,0.053561375,199.79291
0.83838385,0.8787879,0.8016908,0.05422479,200.68846
0.8484849,0.8787879,0.811356,0.05488823,201.63058
0.85858583,0.8787879,0.82102424,0.05555149,203.99057
0.86868685,0.8787879,0.8306861,0.05621526,205.21916
0.8787879,0.8787879,0.84035015,0.05687908,206.4824
0.8888889,0.8787879,0.85001785,0.057543036,207.88126
0.8989899,0.8787879,0.85968107,0.058207642,209.58781
0.90909094,0.8787879,0.869354,0.058872078,210.08179
0.9191919,0.8787879,0.8790076,0.05953711,212.59822
0.9292929,0.8787879,0.8886889,0.060201894,212.60083
0.93939394,0.8787879,0.8983499,0.06086728,214.64526
0.94949496,0.8787879,0.9080219,0.061533164,215.51959
0.959596,0.8787879,0.9176844,0.062199388,216.3697
0.969697,0.8787879,0.9273473,0.06286571,218.2208
0.97979796,0.8787879,0.937023,0.06353258,218.29605
0.989899,0.8787879,0.946687,0.06419983,218.83846
1.0,0.8787879,0.95635414,0.06486781,219.69676
0.0,0.8888889,0.0,0.0,0.0
0.01010101,0.8888889,0.0094367815,3.3075536e-05,75.50782
0.02020202,0.8888889,0.018861217,0.0006266209,93.63237
0.030303031,0.8888889,0.028452145,0.0012556516,101.807076
0.04040404,0.8888889,0.038123395,0.0018967745,105.55683
0.05050505,0.8888889,0.047833204,0.002544747,105.37368
0.060606062,0.8888889,0.05756298,0.0031554026,107.25006
0.07070707,0.8888889,0.06729684,0.0037658068,109.02279
0.08080808,0.8888889,0.07702861,0.0043932106,109.31306
0.09090909,0.8888889,0.086759955,0.0050143986,110.20805
0.1010101,0.8888889,0.09649253,0.005627527,111.628746
0.11111111,0.8888889,0.106222644,0.006238384,113.391785
0.121212125,0.8888889,0.11595592,0.006849726,114.75175
0.13131313,0.8888889,0.12568893,0.007460898,116.16769
0.14141414,0.8888889,0.13542436,0.008071746,117.31349
0.15151516,0.8888889,0.14515804,0.008681848,118.74111
0.16161616,0.8888889,0.15489814,0.009290922,119.6513
0.17171717,0.8888889,0.16463235,0.009899461,121.15035
0.18181819,0.8888889,0.17437263,0.010507186,122.0963
0.1919192,0.8888889,0.18410788,0.011114568,123.601685
0.2020202,0.8888889,0.19384529,0.011721688,124.90191
0.21212122,0.8888889,0.20358291,0.0123286825,126.08934
0.22222222,0.8888889,0.21332039,0.012935727,127.092
0.23232323,0.8888889,0.22305499,0.013542684,128.73886
0.24242425,0.8888889,0.23279424,0.014149679,129.64075
0.25252524,0.8888889,0.24252947,0.014757063,131.07584
0.26262626,0.8888889,0.2522644,0.015364582,132.43593
0.27272728,0.8888889,0.26200205,0.015972294,133.5172
0.28282827,0.8888889,0.27173567,0.016580299,134.9967
0.2929293,0.8888889,0.2814731,0.017188463,136.14781
0.3030303,0.8888889,0.29120895,0.017796874,137.4146
0.3131313,0.8888889,0.30094725,0.018405478,138.26135
0.32323232,0.8888889,0.31068054,0.019014414,139.59781
0.33333334,0.8888889,0.32042074,0.019623462,140.49615
0.34343433,0.8888889,0.33015418,0.020233048,141.96448
0.35353535,0.8888889,0.33989158,0.020842839,143.00812
0.36363637,0.8888889,0.34963173,0.021452561,144.07411
0.37373737,0.8888889,0.35936585,0.022062566,145.37144
0.3838384,0.8888889,0.3691018,0.022672877,146.52536
0.3939394,0.8888889,0.37883654,0.023283668,148.0354
0.4040404,0.8888889,0.38857546,0.023894418,148.73389
0.41414142,0.8888889,0.39831257,0.024505345,149.87141
0.42424244,0.8888889,0.40804708,0.025116606,151.28609
0.43434343,0.8888889,0.4177816,0.025727784,152.66035
0.44444445,0.8888889,0.42751864,0.02633917,153.86678
0.45454547,0.8888889,0.43725026,0.026951034,155.52937
0.46464646,0.8888889,0.44698927,0.027562791,156.15727
0.47474748,0.8888889,0.45673138,0.028174607,157.1089
0.4848485,0.8888889,0.46645495,0.028786764,159.1608
0.4949495,0.8888889,0.47619385,0.029399084,159.88313
0.5050505,0.8888889,0.48592764,0.030011574,161.23448
0.5151515,0.8888889,0.4956621,0.030623782,162.59178
0.5252525,0.8888889,0.50539434,0.031236462,163.9463
0.53535354,0.8888889,0.5151376,0.03184907,164.72302
0.54545456,0.8888889,0.52487737,0.032461554,165.54817
0.5555556,0.8888889,0.53459954,0.033074517,167.7394
0.56565654,0.8888889,0.5443356,0.033687435,168.61745
0.57575756,0.8888889,0.5540663,0.03430049,170.22676
0.5858586,0.8888889,0.5638023,0.03491317,171.13835
0.5959596,0.8888889,0.57354337,0.035526007,171.81487
0.6060606,0.8888889,0.5832755,0.036139503,173.25394
0.61616164,0.8888889,0.5930086,0.036752574,174.57791
0.6262626,0.8888889,0.6027437,0.037365798,175.79683
0.6363636,0.8888889,0.6124778,0.037979044,176.86673
0.64646465,0.8888889,0.6222153,0.038592156,177.8841
0.65656567,0.8888889,0.6319524,0.039205447,178.90334
0.6666667,0.8888889,0.6416834,0.03981897,180.53204
0.67676765,0.8888889,0.6514215,0.040432252,181.00478
0.68686867,0.8888889,0.6611555,0.041045867,182.43156
0.6969697,0.8888889,0.6708917,0.04165896,183.84457
0.7070707,0.8888889,0.6806156,0.042272836,185.12682
0.7171717,0.8888889,0.6903621,0.04288626,185.531
0.72727275,0.8888889,0.7000937,0.043500036,186.75215
0.7373737,0.8888889,0.7098228,0.04411395,188.79771
0.74747473,0.8888889,0.71957463,0.04472717,188.16478
0.75757575,0.8888889,0.72929764,0.0453412,190.15297
0.7676768,0.8888889,0.7390251,0.045955032,192.45706
0.7777778,0.8888889,0.74876773,0.04656923,193.01884
0.7878788,0.8888889,0.75850064,0.047182765,194.19789
0.7979798,0.8888889,0.7682322,0.04779688,195.17764
0.8080808,0.8888889,0.7779664,0.04841126,196.69533
0.8181818,0.8888889,0.78770995,0.049025126,197.18297
0.82828283,0.8888889,0.7974348,0.04963936,199.79514
0.83838385,0.8888889,0.80715674,0.050253864,201.80345
0.8484849,0.8888889,0.8169036,0.050868373,201.48009
0.85858583,0.8888889,0.8266269,0.05148317,203.5454
0.86868685,0.8888889,0.8363593,0.052098308,205.16292
0.8787879,0.8888889,0.84609145,0.052713152,206.40231
0.8888889,0.8888889,0.85583377,0.053328484,207.15297
0.8989899,0.8888889,0.86556196,0.053943872,208.76192
0.90909094,0.8888889,0.87529933,0.05455951,209.31735
0.9191919,0.8888889,0.8850321,0.055175077,211.14946
0.9292929,0.8888889,0.89475477,0.05579187,213.09183
0.93939394,0.8888889,0.90448135,0.056408234,214.35841
0.94949496,0.8888889,0.9142182,0.057025068,215.26254
0.959596,0.8888889,0.92395604,0.057642467,215.74982
0.969697,0.8888889,0.93369,0.058260057,216.69604
0.97979796,0.8888889,0.94341886,0.05887763,218.13959
0.989899,0.8888889,0.9531532,0.059495803,218.55943
1.0,0.8888889,0.96288794,0.060115088,219.05377
0.0,0.8989899,0.0,0.0,0.0
0.01010101,0.8989899,0.009514759,2.9838175e-05,72.70683
0.02020202,0.8989899,0.019016482,0.000577808,92.52195
0.030303031,0.8989899,0.028676445,0.001152344,101.74895
0.04040404,0.8989899,0.038413674,0.0017457689,105.79723
0.05050505,0.8989899,0.04818717,0.002345438,105.50986
0.060606062,0.8989899,0.05797663,0.00290624,107.58774
0.07070707,0.8989899,0.067770824,0.0034696844,109.15662
0.08080808,0.8989899,0.07756479,0.0040473454,109.272545
0.09090909,0.8989899,0.087357596,0.0046180687,110.18361
0.1010101,0.8989899,0.097150736,0.005181731,111.62194
0.11111111,0.8989899,0.10694171,0.0057434337,113.378
0.121212125,0.8989899,0.11673827,0.006304905,114.44665
0.13131313,0.8989899,0.12653066,0.006866583,116.03343
0.14141414,0.8989899,0.13632621,0.0074281497,117.17053
0.15151516,0.8989899,0.14612268,0.007988655,118.38116
0.16161616,0.8989899,0.15591682,0.008548409,119.86624
0.17171717,0.8989899,0.16571864,0.009107584,120.50457
0.18181819,0.8989899,0.17551298,0.009666197,122.193436
0.1919192,0.8989899,0.18531112,0.010224319,123.35777
0.2020202,0.8989899,0.19511272,0.010782382,124.156105
0.21212122,0.8989899,0.20490462,0.011340202,126.0886
0.22222222,0.8989899,0.21470317,0.011898004,127.13904
0.23232323,0.8989899,0.22450012,0.012455984,128.36484
0.24242425,0.8989899,0.2342954,0.013014031,129.5941
0.25252524,0.8989899,0.24409248,0.013571968,130.97711
0.26262626,0.8989899,0.25388756,0.014130268,132.41805
0.27272728,0.8989899,0.26368257,0.014688883,133.5647
0.28282827,0.8989899,0.273477,0.015247566,135.20001
0.2929293,0.8989899,0.28327748,0.015806325,136.04128
0.3030303,0.8989899,0.29307547,0.016365357,137.08492
0.3131313,0.8989899,0.30286944,0.016924795,138.34294
0.32323232,0.8989899,0.31266427,0.017484128,139.88986
0.33333334,0.8989899,0.3224648,0.01804379,140.59413
0.34343433,0.8989899,0.3322594,0.018604042,141.94232
0.35353535,0.8989899,0.34205627,0.019164147,143.12137
0.36363637,0.8989899,0.35185513,0.019724425,144.20915
0.37373737,0.8989899,0.3616538,0.020284833,145.03896
0.3838384,0.8989899,0.37144777,0.02084586,146.40987
0.3939394,0.8989899,0.3812484,0.021406636,147.0428
0.4040404,0.8989899,0.39104325,0.021967724,148.55936
0.41414142,0.8989899,0.40083662,0.022528935,149.92021
0.42424244,0.8989899,0.41063502,0.02309062,151.29466
0.43434343,0.8989899,0.4204334,0.023652026,152.09224
0.44444445,0.8989899,0.43022782,0.024213761,153.53094
0.45454547,0.8989899,0.44002524,0.024775846,154.43861
0.46464646,0.8989899,0.44982243,0.025337813,155.57912
0.47474748,0.8989899,0.45960748,0.025900064,158.1125
0.4848485,0.8989899,0.46941084,0.026462056,158.42784
0.4949495,0.8989899,0.47920173,0.02702458,160.14055
0.5050505,0.8989899,0.4889961,0.027587086,161.60701
0.5151515,0.8989899,0.49879977,0.028149487,162.13339
0.5252525,0.8989899,0.50858784,0.028712409,163.88763
0.53535354,0.8989899,0.51838374,0.029274765,164.99925
0.54545456,0.8989899,0.5281811,0.02983769,165.95758
0.5555556,0.8989899,0.5379732,0.030400606,167.27838
0.56565654,0.8989899,0.5477728,0.030963387,168.42783
0.57575756,0.8989899,0.5575706,0.031526674,169.20454
0.5858586,0.8989899,0.5673577,0.032089673,171.33095
0.5959596,0.8989899,0.5771629,0.032652453,171.39352
0.6060606,0.8989899,0.58695334,0.033215832,173.05576
0.61616164,0.8989899,0.59674954,0.03377881,174.25157
0.6262626,0.8989899,0.60653037,0.034342643,176.7531
0.6363636,0.8989899,0.6163367,0.034905612,177.08391
0.64646465,0.8989899,0.6261306,0.03546914,178.06143
0.65656567,0.8989899,0.63593835,0.036031973,178.00182
0.6666667,0.8989899,0.6457212,0.036595672,180.38564
0.67676765,0.8989899,0.655519,0.037159044,181.49353
0.68686867,0.8989899,0.6653183,0.03772249,182.08473
0.6969697,0.8989899,0.67511165,0.038285743,183.11069
0.7070707,0.8989899,0.68491155,0.038849667,183.92615
0.7171717,0.8989899,0.69470406,0.039413016,185.36746
0.72727275,0.8989899,0.70450866,0.039976474,186.1211
0.7373737,0.8989899,0.71429634,0.04054033,187.7781
0.74747473,0.8989899,0.72408944,0.04110397,189.31926
0.75757575,0.8989899,0.7338813,0.041667957,190.90399
0.7676768,0.8989899,0.7436765,0.04223194,191.52313
0.7777778,0.8989899,0.7534744,0.04279545,192.57628
0.7878788,0.8989899,0.76326203,0.043359756,194.7388
0.7979798,0.8989899,0.7730573,0.043923855,196.05681
0.8080808,0.8989899,0.7828519,0.04448793,197.10846
0.8181818,0.8989899,0.7926491,0.045052163,198.0167
0.82828283,0.8989899,0.8024352,0.045616526,200.27235
0.83838385,0.8989899,0.8122478,0.046180386,199.48334
0.8484849,0.8989899,0.82203263,0.046745345,201.76396
0.85858583,0.8989899,0.8318277,0.047310203,203.06223
0.86868685,0.8989899,0.8416188,0.0478752,204.73376
0.8787879,0.8989899,0.8514115,0.04844,206.67017
0.8888889,0.8989899,0.8612063,0.049005207,207.18872
0.8989899,0.8989899,0.8709921,0.049570855,209.0633
0.90909094,0.8989899,0.88078976,0.050136276,210.4018
0.9191919,0.8989899,0.8905782,0.05070237,211.70862
0.9292929,0.8989899,0.90037674,0.051268116,212.75133
0.93939394,0.8989899,0.9101705,0.051834397,213.71991
0.94949496,0.8989899,0.9199602,0.05240116,215.26292
0.959596,0.8989899,0.92976815,0.052967884,214.94328
0.969697,0.8989899,0.9395598,0.053535424,215.8884
0.97979796,0.8989899,0.94935054,0.054102845,217.39192
0.989899,0.8989899,0.9591346,0.054671552,218.62834
1.0,0.8989899,0.9689373,0.055239506,218.78705
0.0,0.90909094,0.0,0.0,0.0
0.01010101,0.90909094,0.009589738,2.5906087e-05,69.86165
0.02020202,0.90909094,0.019165179,0.00052513095,91.775085
0.030303031,0.90909094,0.028889889,0.0010454353,101.765114
0.04040404,0.90909094,0.03869023,0.001590958,105.84519
0.05050505,0.90909094,0.048520308,0.0021391262,105.861084
0.060606062,0.90909094,0.058366217,0.0026502495,107.847244
0.07070707,0.90909094,0.06821663,0.0031651857,109.0639
0.08080808,0.90909094,0.07806779,0.0036915655,109.07918
0.09090909,0.90909094,0.08791621,0.004210234,110.067894
0.1010101,0.90909094,0.097764045,0.004722605,111.64299
0.11111111,0.90909094,0.10761154,0.0052337577,113.23099
0.121212125,0.90909094,0.11746119,0.005744757,114.62597
0.13131313,0.90909094,0.12731133,0.006255781,115.863045
0.14141414,0.90909094,0.13716415,0.006766462,116.78021
0.15151516,0.90909094,0.14701365,0.0072762584,118.28253
0.16161616,0.90909094,0.15686436,0.0077855275,119.62731
0.17171717,0.90909094,0.16671741,0.008294144,120.78797
0.18181819,0.90909094,0.176571,0.008802376,121.88246
0.1919192,0.90909094,0.18642569,0.009310133,122.86929
0.2020202,0.90909094,0.19627729,0.009817575,124.28919
0.21212122,0.90909094,0.2061308,0.01032513,125.36468
0.22222222,0.90909094,0.21598096,0.010832687,126.79826
0.23232323,0.90909094,0.22583273,0.011340192,128.13025
0.24242425,0.90909094,0.2356878,0.01184776,128.97961
0.25252524,0.90909094,0.24553634,0.012355552,130.65125
0.26262626,0.90909094,0.25538823,0.012863393,131.82033
0.27272728,0.90909094,0.26523522,0.013371496,133.6215
0.28282827,0.90909094,0.27508795,0.0138795795,134.66998
0.2929293,0.90909094,0.2849414,0.014387904,135.69705
0.3030303,0.90909094,0.29479215,0.014896345,137.13176
0.3131313,0.90909094,0.30464137,0.015405043,138.56282
0.32323232,0.90909094,0.31449658,0.015913935,139.26868
0.33333334,0.90909094,0.32434788,0.01642312,140.51814
0.34343433,0.90909094,0.33420283,0.016932318,141.37328
0.35353535,0.90909094,0.34405425,0.01744169,142.42381
0.36363637,0.90909094,0.3539072,0.017951343,143.51811
0.37373737,0.90909094,0.36375803,0.018461011,144.79048
0.3838384,0.90909094,0.37361148,0.018970974,145.59943
0.3939394,0.90909094,0.38346443,0.01948109,146.74329
0.4040404,0.90909094,0.3933134,0.019991362,148.18646
0.41414142,0.90909094,0.40316752,0.020501748,149.20403
0.42424244,0.90909094,0.4130232,0.021012085,149.80547
0.43434343,0.90909094,0.422872,0.021522935,151.45819
0.44444445,0.90909094,0.43272308,0.022033677,152.86841
0.45454547,0.90909094,0.4425701,0.022544628,154.51387
0.46464646,0.90909094,0.4524272,0.023055593,155.18852
0.47474748,0.90909094,0.46227393,0.023566877,156.80324
0.4848485,0.90909094,0.47212455,0.024077807,158.2766
0.4949495,0.90909094,0.4819783,0.024589268,159.14253
0.5050505,0.90909094,0.4918254,0.025100566,160.50003
0.5151515,0.90909094,0.5016747,0.025612323,162.02777
0.5252525,0.90909094,0.51153314,0.026123723,162.35114
0.53535354,0.90909094,0.52138156,0.026635312,163.87329
0.54545456,0.90909094,0.5312241,0.027147165,166.05408
0.5555556,0.90909094,0.54107934,0.027658831,166.85147
0.56565654,0.90909094,0.55092984,0.02817061,168.03406
0.57575756,0.90909094,0.56078124,0.028682493,169.12724
0.5858586,0.90909094,0.5706326,0.029194335,170.221
0.5959596,0.90909094,0.58047825,0.029706243,172.06631
0.6060606,0.90909094,0.59033424,0.030218009,172.62175
0.61616164,0.90909094,0.6001852,0.030730054,173.89134
0.6262626,0.90909094,0.6100351,0.031242123,175.08176
0.6363636,0.90909094,0.6198899,0.03175435,175.59752
0.64646465,0.90909094,0.62974167,0.03226642,176.72554
0.65656567,0.90909094,0.6395945,0.03277874,177.54175
0.6666667,0.90909094,0.6494349,0.03329109,179.95276
0.67676765,0.90909094,0.6592878,0.033803333,180.54024
0.68686867,0.90909094,0.66914326,0.034315567,181.4682
0.6969697,0.90909094,0.67900056,0.034827735,181.96703
0.7070707,0.90909094,0.6888452,0.035340175,184.09752
0.7171717,0.90909094,0.6987011,0.035852447,184.19958
0.72727275,0.90909094,0.70855254,0.036365043,185.48965
0.7373737,0.90909094,0.7183977,0.036877573,187.45474
0.74747473,0.90909094,0.7282462,0.037389953,188.77611
0.75757575,0.90909094,0.7380987,0.037902426,189.82329
0.7676768,0.90909094,0.7479443,0.03841546,191.44565
0.7777778,0.90909094,0.757805,0.038927685,191.85544
0.7878788,0.90909094,0.7676457,0.039441004,194.29736
0.7979798,0.90909094,0.7774988,0.039953493,195.15976
0.8080808,0.90909094,0.7873501,0.04046638,195.71036
0.8181818,0.90909094,0.7971976,0.040979426,197.67918
0.82828283,0.90909094,0.8070549,0.04149255,198.33482
0.83838385,0.90909094,0.8169087,0.042005382,199.01059
0.8484849,0.90909094,0.82674825,0.04251915,201.50728
0.85858583,0.90909094,0.83660895,0.043032452,201.1869
0.86868685,0.90909094,0.8464563,0.04354587,202.96872
0.8787879,0.90909094,0.85630906,0.044059392,203.8017
0.8888889,0.90909094,0.8661562,0.044573635,205.78653
0.8989899,0.90909094,0.8759927,0.04508799,208.17033
0.90909094,0.90909094,0.8858474,0.04560198,209.09868
0.9191919,0.90909094,0.89569783,0.046116527,209.92532
0.9292929,0.90909094,0.9055554,0.046631042,209.99686
0.93939394,0.90909094,0.9153986,0.047146205,211.69632
0.94949496,0.90909094,0.9252393,0.047661714,214.03023
0.959596,0.90909094,0.93509704,0.048176844,214.17961
0.969697,0.90909094,0.9449381,0.048692986,216.07802
0.97979796,0.90909094,0.95479345,0.049208898,216.27956
0.989899,0.90909094,0.9646335,0.049725734,217.90936
1.0,0.90909094,0.97449315,0.050242502,217.34052
0.0,0.9191919,0.0,0.0,0.0
0.01010101,0.9191919,0.009661272,2.3015673e-05,66.829926
0.02020202,0.9191919,0.019307699,0.0004717058,91.039375
0.030303031,0.9191919,0.02909227,0.0009355656,101.83528
0.04040404,0.9191919,0.038949896,0.0014308364,106.040726
0.05050505,0.9191919,0.048833203,0.0019268646,106.18366
0.060606062,0.9191919,0.058730453,0.002386969,108.01761
0.07070707,0.9191919,0.06863138,0.0028518739,108.98698
0.08080808,0.9191919,0.078531764,0.0033252751,109.19855
0.09090909,0.9191919,0.08843167,0.003790649,110.19211
0.1010101,0.9191919,0.09832994,0.0042510023,111.7676
0.11111111,0.9191919,0.108229466,0.004710136,113.10573
0.121212125,0.9191919,0.118129954,0.005169267,114.42718
0.13131313,0.9191919,0.12802762,0.0056280796,116.0406
0.14141414,0.9191919,0.13793029,0.0060869004,116.9486
0.15151516,0.9191919,0.14783043,0.0065449523,118.39382
0.16161616,0.9191919,0.15773362,0.007002258,119.43071
0.17171717,0.9191919,0.16763477,0.00745915,120.75868
0.18181819,0.9191919,0.17753759,0.007915568,121.97299
0.1919192,0.9191919,0.18744062,0.008371715,123.165924
0.2020202,0.9191919,0.19734688,0.008827796,123.90102
0.21212122,0.9191919,0.20724665,0.009283646,125.49255
0.22222222,0.9191919,0.21714824,0.009739525,126.87538
0.23232323,0.9191919,0.22704868,0.0101954695,128.20494
0.24242425,0.9191919,0.23695034,0.010651481,129.58105
0.25252524,0.9191919,0.2468514,0.011107536,130.87103
0.26262626,0.9191919,0.2567558,0.0115638515,131.77841
0.27272728,0.9191919,0.2666553,0.012020093,133.29108
0.28282827,0.9191919,0.2765577,0.012476628,134.28163
0.2929293,0.9191919,0.2864563,0.012933201,135.97067
0.3030303,0.9191919,0.29635754,0.013389894,137.15634
0.3131313,0.9191919,0.30626002,0.013846751,138.23909
0.32323232,0.9191919,0.31616482,0.014303886,138.99236
0.33333334,0.9191919,0.32606277,0.014761037,140.72331
0.34343433,0.9191919,0.3359659,0.015218505,141.5749
0.35353535,0.9191919,0.34587193,0.01567592,142.21613
0.36363637,0.9191919,0.35577196,0.016133422,143.63452
0.37373737,0.9191919,0.3656719,0.01659137,145.19263
0.3838384,0.9191919,0.37557712,0.017049322,145.7125
0.3939394,0.9191919,0.38547787,0.017507253,147.19646
0.4040404,0.9191919,0.39538023,0.01796549,147.99516
0.41414142,0.9191919,0.40527838,0.018423686,149.83247
0.42424244,0.9191919,0.41518456,0.018882034,150.42703
0.43434343,0.9191919,0.4250837,0.01934061,151.87357
0.44444445,0.9191919,0.43498495,0.019799272,153.15991
0.45454547,0.9191919,0.44488728,0.020258013,154.47382
0.46464646,0.9191919,0.45479092,0.02071673,155.44333
0.47474748,0.9191919,0.464693,0.02117576,156.32622
0.4848485,0.9191919,0.47459316,0.021634717,157.92307
0.4949495,0.9191919,0.48449114,0.022093808,159.34166
0.5050505,0.9191919,0.49439532,0.022552919,160.30222
0.5151515,0.9191919,0.5042972,0.02301223,161.32164
0.5252525,0.9191919,0.5141968,0.023471532,162.75215
0.53535354,0.9191919,0.52409726,0.023930907,163.953
0.54545456,0.9191919,0.5340002,0.024390077,165.0313
0.5555556,0.9191919,0.5439001,0.024849506,166.5745
0.56565654,0.9191919,0.55379736,0.025309183,168.12105
0.57575756,0.9191919,0.56370354,0.025768464,168.58913
0.5858586,0.9191919,0.57360387,0.02622816,170.01015
0.5959596,0.9191919,0.5835036,0.026687719,171.16275
0.6060606,0.9191919,0.5934086,0.027147241,171.86609
0.61616164,0.9191919,0.6033082,0.027607156,173.36235
0.6262626,0.9191919,0.61320734,0.028066857,174.81111
0.6363636,0.9191919,0.6231078,0.028526418,176.18463
0.64646465,0.9191919,0.63300323,0.0289862,177.7133
0.65656567,0.9191919,0.6429115,0.029445913,178.01505
0.6666667,0.9191919,0.6528094,0.029905912,179.58098
0.67676765,0.9191919,0.6627195,0.030365767,179.27979
0.68686867,0.9191919,0.67261535,0.030825658,181.45274
0.6969697,0.9191919,0.6825222,0.03128549,182.01768
0.7070707,0.9191919,0.692415,0.031745773,183.91832
0.7171717,0.9191919,0.7023238,0.0322054,184.37096
0.72727275,0.9191919,0.71222496,0.032665573,185.71169
0.7373737,0.9191919,0.72212386,0.03312574,186.8263
0.74747473,0.9191919,0.73202026,0.033585954,188.66919
0.75757575,0.9191919,0.7419249,0.034045976,189.72084
0.7676768,0.9191919,0.7518244,0.034506485,191.07423
0.7777778,0.9191919,0.7617253,0.03496671,191.96867
0.7878788,0.9191919,0.77162445,0.035426967,193.68268
0.7979798,0.9191919,0.7815249,0.03588735,194.97014
0.8080808,0.9191919,0.7914304,0.036347825,195.80872
0.8181818,0.9191919,0.8013307,0.036808427,196.77654
0.82828283,0.9191919,0.81123435,0.037268914,197.5447
0.83838385,0.9191919,0.8211308,0.037730005,199.33246
0.8484849,0.9191919,0.8310302,0.03819051,200.88553
0.85858583,0.9191919,0.840932,0.038651705,201.87347
0.86868685,0.9191919,0.85083133,0.039112736,203.17734
0.8787879,0.9191919,0.8607352,0.03957396,204.20216
0.8888889,0.9191919,0.8706338,0.040035237,205.73996
0.8989899,0.9191919,0.8805319,0.040496998,207.19319
0.90909094,0.9191919,0.8904207,0.04095904,209.58707
0.9191919,0.9191919,0.90032554,0.041420866,210.35298
0.9292929,0.9191919,0.9102272,0.041883193,211.08054
0.93939394,0.9191919,0.92012095,0.042345513,213.05307
0.94949496,0.9191919,0.9300239,0.04280787,213.68004
0.959596,0.9191919,0.9399304,0.04327061,213.99893
0.969697,0.9191919,0.94982535,0.04373398,215.59558
0.97979796,0.9191919,0.9597349,0.04419696,215.1683
0.989899,0.9191919,0.9696204,0.044661142,217.91533
1.0,0.9191919,0.97952175,0.045125153,218.68944
0.0,0.9292929,0.0,0.0,0.0
0.01010101,0.9292929,0.009729356,2.024837e-05,63.682167
0.02020202,0.9292929,0.019444138,0.0004173146,90.27205
0.030303031,0.9292929,0.029283557,0.0008234674,101.9496
0.04040404,0.9292929,0.03919335,0.0012660929,106.24266
0.05050505,0.9292929,0.04912343,0.0017078368,106.66694
0.060606062,0.9292929,0.059066694,0.0021160825,108.32385
0.07070707,0.9292929,0.06901396,0.0025299955,108.86584
0.08080808,0.9292929,0.078959614,0.0029484183,109.21056
0.09090909,0.9292929,0.08890496,0.003359422,110.2305
0.1010101,0.9292929,0.09884776,0.003766197,111.932236
0.11111111,0.9292929,0.10879237,0.004172188,113.276764
0.121212125,0.9292929,0.11873584,0.0045781755,114.80045
0.13131313,0.9292929,0.12868115,0.0049839597,115.97178
0.14141414,0.9292929,0.13862564,0.005389375,117.41878
0.15151516,0.9292929,0.14857456,0.005794269,118.22088
0.16161616,0.9292929,0.15852155,0.006198601,119.34838
0.17171717,0.9292929,0.16846848,0.0066025797,120.57279
0.18181819,0.9292929,0.1784152,0.007006061,121.82877
0.1919192,0.9292929,0.18836318,0.0074094078,123.00685
0.2020202,0.9292929,0.1983121,0.007812536,124.005135
0.21212122,0.9292929,0.20825638,0.008215594,125.55234
0.22222222,0.9292929,0.21820432,0.008618761,126.64106
0.23232323,0.9292929,0.22815107,0.009021848,127.88605
0.24242425,0.9292929,0.23809873,0.009424948,129.00327
0.25252524,0.9292929,0.2480429,0.009828259,130.52281
0.26262626,0.9292929,0.25798658,0.010231625,132.06816
0.27272728,0.9292929,0.26793537,0.010635006,133.08078
0.28282827,0.9292929,0.27787828,0.01103852,134.7607
0.2929293,0.9292929,0.2878261,0.011442204,135.76578
0.3030303,0.9292929,0.29777434,0.011845998,136.50218
0.3131313,0.9292929,0.30772018,0.012249805,137.87448
0.32323232,0.9292929,0.31766582,0.01265381,139.14061
0.33333334,0.9292929,0.32761467,0.013057971,139.79776
0.34343433,0.9292929,0.33755895,0.013462233,141.30519
0.35353535,0.9292929,0.34750557,0.013866532,142.50922
0.36363637,0.9292929,0.35745376,0.01427112,143.33781
0.37373737,0.9292929,0.36740318,0.014675617,144.07915
0.3838384,0.9292929,0.37734917,0.01508024,145.34387
0.3939394,0.9292929,0.38729468,0.015485057,146.86519
0.4040404,0.9292929,0.39723742,0.01589003,148.49081
0.41414142,0.9292929,0.40718862,0.016295051,148.91792
0.42424244,0.9292929,0.4171334,0.016700234,150.43411
0.43434343,0.9292929,0.4270792,0.017105348,151.71878
0.44444445,0.9292929,0.43702924,0.017510636,152.2772
0.45454547,0.9292929,0.44696984,0.017916076,154.36076
0.46464646,0.9292929,0.4569189,0.018321479,154.9948
0.47474748,0.9292929,0.4668665,0.018726986,156.04776
0.4848485,0.9292929,0.47681156,0.019132713,157.45013
0.4949495,0.9292929,0.486754,0.019538295,159.29732
0.5050505,0.9292929,0.496699,0.019943977,160.65445
0.5151515,0.9292929,0.50664693,0.020349702,161.59657
0.5252525,0.9292929,0.51659524,0.020755501,162.47519
0.53535354,0.9292929,0.5265379,0.02116137,164.24898
0.54545456,0.9292929,0.53648746,0.021567287,164.90388
0.5555556,0.9292929,0.5464344,0.021973183,165.97453
0.56565654,0.9292929,0.5563756,0.022379274,167.89659
0.57575756,0.9292929,0.56632537,0.022785142,168.51779
0.5858586,0.9292929,0.57626736,0.023191363,170.36758
0.5959596,0.9292929,0.58621526,0.023597227,171.0169
0.6060606,0.9292929,0.5961571,0.024003534,172.90265
0.61616164,0.9292929,0.6061088,0.024409642,173.32527
0.6262626,0.9292929,0.61606133,0.02481559,173.69632
0.6363636,0.9292929,0.62600267,0.02522198,175.30304
0.64646465,0.9292929,0.6359547,0.025627958,175.7972
0.65656567,0.9292929,0.64589447,0.026034405,177.61961
0.6666667,0.9292929,0.6558374,0.026440797,179.38539
0.67676765,0.9292929,0.66578335,0.026846971,180.44449
0.68686867,0.9292929,0.6757322,0.027253298,181.29163
0.6969697,0.9292929,0.6856806,0.027659642,182.1559
0.7070707,0.9292929,0.69563,0.028065981,182.88716
0.7171717,0.9292929,0.70557797,0.028472422,183.58101
0.72727275,0.9292929,0.7155176,0.02887904,185.58353
0.7373737,0.9292929,0.72545904,0.029285645,187.58122
0.74747473,0.9292929,0.73540854,0.029691996,188.34528
0.75757575,0.9292929,0.74535257,0.03009883,189.65938
0.7676768,0.9292929,0.7553047,0.030505205,190.2273
0.7777778,0.9292929,0.76524544,0.03091208,192.13203
0.7878788,0.9292929,0.7751951,0.031318866,192.69325
0.7979798,0.9292929,0.78513694,0.031725496,194.56558
0.8080808,0.9292929,0.79508424,0.032132473,195.87279
0.8181818,0.9292929,0.80503327,0.03253946,196.69458
0.82828283,0.9292929,0.8149835,0.032946162,196.84285
0.83838385,0.9292929,0.8249186,0.033353798,199.61484
0.8484849,0.9292929,0.8348698,0.033760883,199.95831
0.85858583,0.9292929,0.8448147,0.034168057,201.44173
0.86868685,0.9292929,0.8547603,0.034575444,202.9527
0.8787879,0.9292929,0.86470413,0.034983158,204.10008
0.8888889,0.9292929,0.87463737,0.03539129,206.9235
0.8989899,0.9292929,0.8845916,0.035798714,206.8784
0.90909094,0.9292929,0.8945287,0.03620687,209.62506
0.9191919,0.9292929,0.9044842,0.036614828,209.0197
0.9292929,0.9292929,0.914422,0.037023492,211.49069
0.93939394,0.9292929,0.924371,0.037431803,211.76488
0.94949496,0.9292929,0.9343186,0.037840143,212.60194
0.959596,0.9292929,0.94426334,0.038249373,213.37532
0.969697,0.9292929,0.95420384,0.03865856,215.15303
0.97979796,0.9292929,0.9641424,0.039068192,217.23732
0.989899,0.9292929,0.9740997,0.039477415,216.23262
1.0,0.9292929,0.98403853,0.03988766,217.73167
0.0,0.93939394,0.0,-0.0,0.0
0.01010101,0.93939394,0.009793918,1.8507944e-05,60.28731
0.02020202,0.93939394,0.0195741,0.00036172514,89.450836
0.030303031,0.93939394,0.029465117,0.000710244,101.84396
0.04040404,0.93939394,0.039419662,0.0010967316,106.48199
0.05050505,0.93939394,0.049392853,0.0014824885,106.995125
0.060606062,0.93939394,0.059376188,0.0018380609,108.51313
0.07070707,0.93939394,0.06936257,0.0021982132,108.965904
0.08080808,0.93939394,0.079348154,0.0025609664,109.34886
0.09090909,0.93939394,0.089332566,0.0029163295,110.5092
0.1010101,0.93939394,0.099316366,0.0032684873,112.02614
0.11111111,0.93939394,0.10929958,0.0036199293,113.55439
0.121212125,0.93939394,0.119283624,0.003971501,114.95561
0.13131313,0.93939394,0.12926838,0.004322926,116.14305
0.14141414,0.93939394,0.13925491,0.0046740584,117.116516
0.15151516,0.93939394,0.14923948,0.005024487,118.48509
0.16161616,0.93939394,0.1592265,0.005374632,119.416275
0.17171717,0.93939394,0.16921365,0.0057243314,120.51929
0.18181819,0.93939394,0.17920128,0.0060737384,121.48516
0.1919192,0.93939394,0.18918684,0.0064229267,122.85267
0.2020202,0.93939394,0.19917189,0.0067720707,124.27899
0.21212122,0.93939394,0.20915885,0.0071211318,125.4024
0.22222222,0.93939394,0.21914451,0.007470181,126.67971
0.23232323,0.93939394,0.22913106,0.0078192605,127.7795
0.24242425,0.93939394,0.23911676,0.008168394,129.04675
0.25252524,0.93939394,0.24910039,0.00851768,130.5447
0.26262626,0.93939394,0.25908828,0.0088669285,131.4235
0.27272728,0.93939394,0.26907364,0.0092162,132.79756
0.28282827,0.93939394,0.27905652,0.0095655965,134.48206
0.2929293,0.93939394,0.28904295,0.009915059,135.51433
0.3030303,0.93939394,0.29902813,0.010264659,136.64496
0.3131313,0.93939394,0.30901623,0.010614318,137.37585
0.32323232,0.93939394,0.31899747,0.01096409,139.32968
0.33333334,0.93939394,0.32898566,0.0113138845,140.11292
0.34343433,0.93939394,0.33897254,0.011663817,141.07516
0.35353535,0.93939394,0.34896037,0.012013871,141.8529
0.36363637,0.93939394,0.3589453,0.012363975,143.17502
0.37373737,0.93939394,0.36892945,0.012714307,144.6179
0.3838384,0.93939394,0.3789153,0.013064542,145.71715
0.3939394,0.93939394,0.38889915,0.01341509,147.18631
0.4040404,0.93939394,0.39888516,0.0137654655,148.32057
0.41414142,0.93939394,0.40887105,0.01411614,149.34438
0.42424244,0.93939394,0.4188582,0.014466733,150.50304
0.43434343,0.93939394,0.42884248,0.014817466,151.81313
0.44444445,0.93939394,0.43882942,0.015168199,152.77118
0.45454547,0.93939394,0.4488171,0.01551905,153.73836
0.46464646,0.93939394,0.45879856,0.015870055,155.64188
0.47474748,0.93939394,0.4687875,0.016220953,156.24426
0.4848485,0.93939394,0.47877303,0.016571948,157.39296
0.4949495,0.93939394,0.48875502,0.016923005,159.15092
0.5050505,0.93939394,0.49874404,0.017274056,159.7764
0.5151515,0.93939394,0.50873154,0.017625138,160.6796
0.5252525,0.93939394,0.51871365,0.017976394,162.51076
0.53535354,0.93939394,0.52870107,0.018327625,163.30592
0.54545456,0.93939394,0.53868574,0.018678859,164.55687
0.5555556,0.93939394,0.54867154,0.019030202,166.00583
0.56565654,0.93939394,0.5586569,0.019381357,166.95186
0.57575756,0.93939394,0.5686472,0.019732574,167.34116
0.5858586,0.93939394,0.5786308,0.020084059,168.84134
0.5959596,0.93939394,0.5886143,0.020435523,170.51157
0.6060606,0.93939394,0.598606,0.02078671,170.47151
0.61616164,0.93939394,0.60858643,0.021138316,172.47554
0.6262626,0.93939394,0.61857414,0.021489691,173.40314
0.6363636,0.93939394,0.62856096,0.021841211,174.22456
0.64646465,0.93939394,0.63854283,0.022192802,175.95757
0.65656567,0.93939394,0.6485307,0.022544283,176.69815
0.6666667,0.93939394,0.6585151,0.02289594,177.93979
0.67676765,0.93939394,0.66849774,0.023247566,179.76743
0.68686867,0.93939394,0.6784892,0.023599025,180.00993
0.6969697,0.93939394,0.68847114,0.023950838,181.60771
0.7070707,0.93939394,0.6984562,0.02430257,182.89703
0.7171717,0.93939394,0.7084427,0.024654146,184.10161
0.72727275,0.93939394,0.7184332,0.025005775,184.09062
0.7373737,0.93939394,0.72841644,0.025357721,185.8633
0.74747473,0.93939394,0.7383999,0.025709413,187.62573
0.75757575,0.93939394,0.74838614,0.026061371,188.4887
0.7676768,0.93939394,0.75837195,0.02641314,189.66794
0.7777778,0.93939394,0.76835644,0.026765214,190.87177
0.7878788,0.93939394,0.7783389,0.027117232,192.92534
0.7979798,0.93939394,0.7883245,0.02746929,193.84045
0.8080808,0.93939394,0.79831696,0.027821165,194.03864
0.8181818,0.93939394,0.80830246,0.028173273,195.24321
0.82828283,0.93939394,0.8182846,0.028525569,196.83223
0.83838385,0.93939394,0.8282656,0.028878095,198.84575
0.8484849,0.93939394,0.8382537,0.029230284,199.7415
0.85858583,0.93939394,0.8482417,0.02958282,200.31966
0.86868685,0.93939394,0.85822,0.029935466,203.02478
0.8787879,0.93939394,0.8682105,0.030287968,202.87987
0.8888889,0.93939394,0.8781875,0.030640913,205.72711
0.8989899,0.93939394,0.8881753,0.030993931,206.15459
0.90909094,0.93939394,0.8981605,0.03134691,207.6678
0.9191919,0.93939394,0.908147,0.03170009,208.07721
0.9292929,0.93939394,0.9181263,0.032053467,210.31052
0.93939394,0.93939394,0.928117,0.03240674,210.5411
0.94949496,0.93939394,0.93809634,0.0327605,212.6649
0.959596,0.93939394,0.94808555,0.033114243,212.86458
0.969697,0.93939394,0.95806694,0.033468295,214.81664
0.97979796,0.93939394,0.96806616,0.03382211,212.77704
0.989899,0.93939394,0.9780392,0.0341771,215.55647
1.0,0.93939394,0.988021,0.034531668,217.0924
0.0,0.94949496,0.0,-0.0,0.0
0.01010101,0.94949496,0.009854766,1.3395695e-05,56.71721
0.02020202,0.94949496,0.019697951,0.0003062218,88.27696
0.030303031,0.94949496,0.02963365,0.00059380935,102.15342
0.04040404,0.94949496,0.039629776,0.0009242276,106.43704
0.05050505,0.94949496,0.04963901,0.0012512114,107.3435
0.060606062,0.94949496,0.059657004,0.0015521885,108.666626
0.07070707,0.94949496,0.06967669,0.0018570767,109.16075
0.08080808,0.94949496,0.07969685,0.00216227,109.5569
0.09090909,0.94949496,0.08971611,0.0024610476,110.63554
0.1010101,0.94949496,0.099734075,0.0027574466,112.104996
0.11111111,0.94949496,0.10975155,0.0030533473,113.60694
0.121212125,0.94949496,0.11977016,0.0033492495,114.88821
0.13131313,0.94949496,0.1297892,0.0036450976,116.00268
0.14141414,0.94949496,0.1398084,0.003940436,117.19139
0.15151516,0.94949496,0.14982742,0.004235462,118.455894
0.16161616,0.94949496,0.15984751,0.0045301807,119.478165
0.17171717,0.94949496,0.16986819,0.004824464,120.54113
0.18181819,0.94949496,0.17988873,0.005118595,121.57867
0.1919192,0.94949496,0.18990865,0.005412527,122.828224
0.2020202,0.94949496,0.19992885,0.0057063703,123.935844
0.21212122,0.94949496,0.20994721,0.0060002,125.42289
0.22222222,0.94949496,0.21996698,0.006294047,126.724785
0.23232323,0.94949496,0.22998695,0.0065878704,127.83641
0.24242425,0.94949496,0.24000546,0.0068817637,129.28308
0.25252524,0.94949496,0.25002602,0.007175704,130.30148
0.26262626,0.94949496,0.26004463,0.007469625,131.65344
0.27272728,0.94949496,0.27006558,0.0077636964,132.57614
0.28282827,0.94949496,0.28008285,0.0080577275,134.17006
0.2929293,0.94949496,0.29010317,0.0083519,135.1783
0.3030303,0.94949496,0.30012068,0.008646155,136.74246
0.3131313,0.94949496,0.31013998,0.008940431,137.89087
0.32323232,0.94949496,0.3201598,0.0092347,139.03072
0.33333334,0.94949496,0.3301792,0.009529112,140.18976
0.34343433,0.94949496,0.3401988,0.009823684,141.35158
0.35353535,0.94949496,0.35021985,0.010118191,142.02324
0.36363637,0.94949496,0.36023837,0.0104128495,143.418
0.37373737,0.94949496,0.3702596,0.010707443,144.20953
0.3838384,0.94949496,0.38027975,0.011002268,145.315
0.3939394,0.94949496,0.39029944,0.011297083,146.31935
0.4040404,0.94949496,0.40031543,0.011592004,148.31042
0.41414142,0.94949496,0.41033745,0.011886854,148.8937
0.42424244,0.94949496,0.42035946,0.012181857,149.54741
0.43434343,0.94949496,0.43037704,0.012476911,151.16055
0.44444445,0.94949496,0.4403966,0.012772016,152.41699
0.45454547,0.94949496,0.45041728,0.013067188,153.24503
0.46464646,0.94949496,0.46043792,0.013362433,154.23215
0.47474748,0.94949496,0.47045615,0.013657582,155.54279
0.4848485,0.94949496,0.48047686,0.013952894,156.49144
0.4949495,0.94949496,0.4904941,0.014248325,158.18327
0.5050505,0.94949496,0.5005163,0.014543523,158.66821
0.5151515,0.94949496,0.51053566,0.014838837,159.95465
0.5252525,0.94949496,0.52055043,0.015134434,162.14297
0.53535354,0.94949496,0.5305714,0.015429772,163.06732
0.54545456,0.94949496,0.5405922,0.015725229,163.777
0.5555556,0.94949496,0.5506111,0.016020656,165.19725
0.56565654,0.94949496,0.5606313,0.016316243,166.13808
0.57575756,0.94949496,0.57065004,0.016611759,167.5833
0.5858586,0.94949496,0.5806711,0.016907262,168.2626
0.5959596,0.94949496,0.59068894,0.017202925,169.5849
0.6060606,0.94949496,0.6007091,0.017498493,170.74515
0.61616164,0.94949496,0.6107287,0.017794069,171.90297
0.6262626,0.94949496,0.6207479,0.01808966,173.03583
0.6363636,0.94949496,0.6307663,0.018385386,174.45534
0.64646465,0.94949496,0.6407869,0.018681105,175.37587
0.65656567,0.94949496,0.6508038,0.018976789,177.00214
0.6666667,0.94949496,0.66082245,0.019272534,178.13593
0.67676765,0.94949496,0.6708467,0.019568125,178.51442
0.68686867,0.94949496,0.68086773,0.019863838,179.0706
0.6969697,0.94949496,0.6908851,0.020159684,180.86172
0.7070707,0.94949496,0.7009028,0.020455478,182.43492
0.7171717,0.94949496,0.71092147,0.020751262,183.63167
0.72727275,0.94949496,0.7209416,0.021047227,184.75726
0.7373737,0.94949496,0.7309601,0.021343114,186.18907
0.74747473,0.94949496,0.74098057,0.02163902,187.13419
0.75757575,0.94949496,0.7509984,0.021935025,188.66174
0.7676768,0.94949496,0.76101744,0.02223091,189.85681
0.7777778,0.94949496,0.77104074,0.022526937,190.19116
0.7878788,0.94949496,0.78105813,0.02282297,191.81856
0.7979798,0.94949496,0.7910715,0.023119275,194.3389
0.8080808,0.94949496,0.8010893,0.02341546,195.77145
0.8181818,0.94949496,0.81111425,0.023711508,195.7951
0.82828283,0.94949496,0.8211344,0.024007818,196.5845
0.83838385,0.94949496,0.8311546,0.02430405,197.5907
0.8484849,0.94949496,0.8411686,0.024600511,199.88846
0.85858583,0.94949496,0.8511904,0.024896974,200.79129
0.86868685,0.94949496,0.8612074,0.025193641,202.44327
0.8787879,0.94949496,0.8712279,0.025490105,203.26823
0.8888889,0.94949496,0.8812468,0.025787037,204.49292
0.8989899,0.94949496,0.8912634,0.026083842,206.13205
0.90909094,0.94949496,0.9012838,0.02638077,206.93205
0.9191919,0.94949496,0.9113031,0.026677802,208.3769
0.9292929,0.94949496,0.92132115,0.026974846,209.41551
0.93939394,0.94949496,0.9313413,0.02727222,210.20863
0.94949496,0.94949496,0.9413578,0.027569724,211.90364
0.959596,0.94949496,0.9513796,0.027867176,212.36613
0.969697,0.94949496,0.9613973,0.02816483,213.84433
0.97979796,0.94949496,0.9714189,0.028462647,214.39268
0.989899,0.94949496,0.9814277,0.028761012,217.21236
1.0,0.94949496,0.99144775,0.029059261,217.89726
0.0,0.959596,0.0,-0.0,0.0
0.01010101,0.959596,0.009911439,6.5701893e-06,53.94495
0.02020202,0.959596,0.019814458,0.00024736766,87.02834
0.030303031,0.959596,0.02979119,0.00047622347,102.48101
0.04040404,0.959596,0.039821096,0.0007460435,106.65294
0.05050505,0.959596,0.049861763,0.0010130921,107.68663
0.060606062,0.959596,0.05990921,0.0012587539,108.58257
0.07070707,0.959596,0.06995758,0.0015063123,108.95266
0.08080808,0.959596,0.080005616,0.0017525032,109.5406
0.09090909,0.959596,0.09005279,0.0019935647,110.749855
0.1010101,0.959596,0.10009997,0.002233112,111.97682
0.11111111,0.959596,0.110145845,0.002472194,113.54776
0.121212125,0.959596,0.12019254,0.0027113112,114.84167
0.13131313,0.959596,0.13023949,0.002950242,116.06964
0.14141414,0.959596,0.14028618,0.0031888692,117.37331
0.15151516,0.959596,0.15033433,0.0034272464,118.40591
0.16161616,0.959596,0.16038242,0.0036651662,119.45397
0.17171717,0.959596,0.17043026,0.0039029815,120.65084
0.18181819,0.959596,0.18047878,0.004140604,121.62812
0.1919192,0.959596,0.19052823,0.0043781158,122.42287
0.2020202,0.959596,0.20057498,0.0046154987,123.97385
0.21212122,0.959596,0.21062137,0.004852907,125.51476
0.22222222,0.959596,0.22067107,0.0050902646,126.205154
0.23232323,0.959596,0.2307187,0.0053276797,127.45517
0.24242425,0.959596,0.24076441,0.005565176,129.2501
0.25252524,0.959596,0.25081304,0.005802598,130.0504
0.26262626,0.959596,0.2608606,0.0060400823,131.27467
0.27272728,0.959596,0.27090743,0.006277626,132.7509
0.28282827,0.959596,0.28095382,0.0065151807,134.23013
0.2929293,0.959596,0.29100206,0.006752783,135.15889
0.3030303,0.959596,0.3010495,0.006990496,136.32756
0.3131313,0.959596,0.31109613,0.007228187,137.67764
0.32323232,0.959596,0.321145,0.007465921,138.52888
0.33333334,0.959596,0.3311924,0.007703703,139.72913
0.34343433,0.959596,0.34123978,0.0079416055,140.83228
0.35353535,0.959596,0.35128763,0.008179494,142.05174
0.36363637,0.959596,0.3613347,0.008417473,143.27924
0.37373737,0.959596,0.3713823,0.0086554475,144.49666
0.3838384,0.959596,0.38143036,0.008893516,145.50229
0.3939394,0.959596,0.39147812,0.009131558,146.56252
0.4040404,0.959596,0.40152717,0.00936976,147.29863
0.41414142,0.959596,0.41157478,0.0096079,148.50087
0.42424244,0.959596,0.4216222,0.00984607,149.70769
0.43434343,0.959596,0.43166786,0.01008438,151.43408
0.44444445,0.959596,0.4417166,0.010322712,152.28252
0.45454547,0.959596,0.45176616,0.010560952,152.90147
0.46464646,0.959596,0.4618115,0.0107994415,154.75833
0.47474748,0.959596,0.47186035,0.011037797,155.46149
0.4848485,0.959596,0.4819071,0.011276167,156.84804
0.4949495,0.959596,0.49195412,0.011514637,158.21895
0.5050505,0.959596,0.5020031,0.011753058,159.02286
0.5151515,0.959596,0.51205295,0.011991455,159.53789
0.5252525,0.959596,0.52209973,0.01223,160.91075
0.53535354,0.959596,0.5321455,0.012468583,162.54643
0.54545456,0.959596,0.5421947,0.012707096,163.20479
0.5555556,0.959596,0.552242,0.012945601,164.68893
0.56565654,0.959596,0.5622888,0.01318429,166.04076
0.57575756,0.959596,0.57233614,0.01342277,167.07294
0.5858586,0.959596,0.58238477,0.013661366,167.98293
0.5959596,0.959596,0.59243166,0.013900037,169.39659
0.6060606,0.959596,0.6024791,0.014138744,170.56102
0.61616164,0.959596,0.61252755,0.014377374,171.36465
0.6262626,0.959596,0.622577,0.01461603,172.16736
0.6363636,0.959596,0.63262206,0.014854689,173.76738
0.64646465,0.959596,0.64266706,0.015093433,175.79216
0.65656567,0.959596,0.65271664,0.015332149,176.25299
0.6666667,0.959596,0.66276205,0.015570896,178.07744
0.67676765,0.959596,0.67280984,0.015809746,179.32095
0.68686867,0.959596,0.68286186,0.01604829,179.1386
0.6969697,0.959596,0.6929084,0.016287105,180.43929
0.7070707,0.959596,0.70295644,0.016525952,181.4507
0.7171717,0.959596,0.71300316,0.016764702,183.01848
0.72727275,0.959596,0.72305065,0.017003566,183.99042
0.7373737,0.959596,0.7330954,0.017242583,186.01585
0.74747473,0.959596,0.74314505,0.01748133,186.6024
0.75757575,0.959596,0.75318915,0.017720405,188.69247
0.7676768,0.959596,0.7632374,0.017959315,189.83595
0.7777778,0.959596,0.7732863,0.01819829,190.69762
0.7878788,0.959596,0.78333396,0.01843725,191.73586
0.7979798,0.959596,0.7933819,0.01867628,192.6072
0.8080808,0.959596,0.80343026,0.018915346,193.82146
0.8181818,0.959596,0.81347495,0.019154495,195.57849
0.82828283,0.959596,0.8235286,0.0193935,195.1227
0.83838385,0.959596,0.8335717,0.019632906,197.36569
0.8484849,0.959596,0.8436181,0.019872263,198.98526
0.85858583,0.959596,0.85366684,0.020111438,199.78229
0.86868685,0.959596,0.86371344,0.02035093,201.12508
0.8787879,0.959596,0.87376404,0.020590285,201.65761
0.8888889,0.959596,0.88381034,0.020829804,203.10748
0.8989899,0.959596,0.8938531,0.021069633,205.39574
0.90909094,0.959596,0.9039,0.021309428,206.56622
0.9191919,0.959596,0.913949,0.02154908,207.36847
0.9292929,0.959596,0.9239966,0.02178885,208.33276
0.93939394,0.959596,0.9340456,0.022028767,209.1186
0.94949496,0.959596,0.94409245,0.022268796,210.6227
0.959596,0.959596,0.9541404,0.022508996,211.15727
0.969697,0.959596,0.9641886,0.022749139,212.24692
0.97979796,0.959596,0.97423077,0.022989798,214.6462
0.989899,0.959596,0.9842737,0.023230406,217.00151
1.0,0.959596,0.9943254,0.023470901,216.63979
0.0,0.969697,0.0,-0.0,0.0
0.01010101,0.969697,0.0099647045,3.641176e-06,50.39538
0.02020202,0.969697,0.019923134,0.00018093672,85.50261
0.030303031,0.969697,0.029937157,0.00035817878,102.79414
0.04040404,0.969697,0.039995626,0.0005650224,106.39827
0.05050505,0.969697,0.050061114,0.00076940603,107.68112
0.060606062,0.969697,0.06013094,0.00095687737,108.553795
0.07070707,0.969697,0.070201635,0.0011453173,108.92289
0.08080808,0.969697,0.08027228,0.0013315245,109.523346
0.09090909,0.969697,0.09034177,0.0015139189,110.80259
0.1010101,0.969697,0.10041138,0.0016953101,112.03798
0.11111111,0.969697,0.11048068,0.0018764318,113.34173
0.121212125,0.969697,0.12055002,0.0020574913,114.57983
0.13131313,0.969697,0.13061893,0.0022384236,115.99648
0.14141414,0.969697,0.14068858,0.002419099,117.212975
0.15151516,0.969697,0.15075824,0.002599578,118.403786
0.16161616,0.969697,0.16082878,0.0027798065,119.35434
0.17171717,0.969697,0.1708995,0.002959909,120.260475
0.18181819,0.969697,0.1809698,0.0031398383,121.35028
0.1919192,0.969697,0.19104004,0.00331966,122.47583
0.2020202,0.969697,0.20110922,0.0034994418,124.002945
0.21212122,0.969697,0.21118037,0.0036792175,124.80055
0.22222222,0.969697,0.22125006,0.003859031,126.133255
0.23232323,0.969697,0.23132038,0.0040388233,127.17061
0.24242425,0.969697,0.24138956,0.00421863,128.62393
0.25252524,0.969697,0.2514598,0.004398449,129.75708
0.26262626,0.969697,0.26152894,0.004578259,131.2336
0.27272728,0.969697,0.271599,0.0047581103,132.3204
0.28282827,0.969697,0.28166875,0.0049380083,133.57555
0.2929293,0.969697,0.2917385,0.0051179323,134.74762
0.3030303,0.969697,0.30180806,0.005297877,136.05989
0.3131313,0.969697,0.3118772,0.0054778564,137.44585
0.32323232,0.969697,0.3219473,0.0056578624,138.5278
0.33333334,0.969697,0.33201766,0.005837939,139.47096
0.34343433,0.969697,0.34208667,0.0060180314,140.97878
0.35353535,0.969697,0.35215643,0.006198092,142.24416
0.36363637,0.969697,0.36222717,0.0063782325,143.10437
0.37373737,0.969697,0.3722966,0.006558416,144.3652
0.3838384,0.969697,0.38236675,0.0067386017,145.4854
0.3939394,0.969697,0.39243838,0.006918832,145.94397
0.4040404,0.969697,0.4025075,0.007099101,147.43903
0.41414142,0.969697,0.41257727,0.0072794007,148.70801
0.42424244,0.969697,0.42264766,0.0074596526,149.68216
0.43434343,0.969697,0.43271762,0.007640045,150.75478
0.44444445,0.969697,0.4427876,0.0078203855,151.95198
0.45454547,0.969697,0.45285746,0.008000774,153.12703
0.46464646,0.969697,0.46292678,0.008181167,154.52774
0.47474748,0.969697,0.4729972,0.0083615575,155.42992
0.4848485,0.969697,0.48306963,0.008541983,155.72998
0.4949495,0.969697,0.4931378,0.008722465,157.44632
0.5050505,0.969697,0.50320894,0.008902896,158.22025
0.5151515,0.969697,0.5132762,0.009083426,160.29189
0.5252525,0.969697,0.5233482,0.009263857,160.67708
0.53535354,0.969697,0.5334163,0.009444377,162.66266
0.54545456,0.969697,0.54348606,0.0096249655,163.88977
0.5555556,0.969697,0.55355775,0.00980541,164.33447
0.56565654,0.969697,0.563628,0.009986,165.31917
0.57575756,0.969697,0.573697,0.010166572,166.84457
0.5858586,0.969697,0.58376503,0.010347104,168.67033
0.5959596,0.969697,0.59383565,0.010527672,169.66751
0.6060606,0.969697,0.60390717,0.010708236,170.12898
0.61616164,0.969697,0.6139785,0.010888776,170.72307
0.6262626,0.969697,0.6240475,0.011069366,172.27019
0.6363636,0.969697,0.63411486,0.01125008,174.31834
0.64646465,0.969697,0.64418715,0.011430654,174.49251
0.65656567,0.969697,0.6542528,0.011611373,177.21066
0.6666667,0.969697,0.6643249,0.011791956,177.70259
0.67676765,0.969697,0.6743939,0.011972661,178.91396
0.68686867,0.969697,0.68446636,0.012153267,179.26599
0.6969697,0.969697,0.69453377,0.012333999,181.38652
0.7070707,0.969697,0.70460486,0.012514701,181.95872
0.7171717,0.969697,0.7146748,0.012695399,183.29527
0.72727275,0.969697,0.7247465,0.012876011,183.7912
0.7373737,0.969697,0.73481613,0.013056827,184.98032
0.74747473,0.969697,0.74488527,0.013237555,186.42284
0.75757575,0.969697,0.75495565,0.013418362,187.43127
0.7676768,0.969697,0.7650258,0.013599152,188.47893
0.7777778,0.969697,0.77509403,0.013780027,190.25122
0.7878788,0.969697,0.7851674,0.013960697,190.08368
0.7979798,0.969697,0.79523575,0.014141693,191.89854
0.8080808,0.969697,0.8053067,0.0143225575,192.7183
0.8181818,0.969697,0.8153766,0.014503516,193.86392
0.82828283,0.969697,0.8254454,0.014684494,195.37033
0.83838385,0.969697,0.8355153,0.014865544,196.55618
0.8484849,0.969697,0.84558624,0.015046535,197.34874
0.85858583,0.969697,0.8556542,0.015227671,199.23178
0.86868685,0.969697,0.8657252,0.015408766,199.93755
0.8787879,0.969697,0.8757959,0.015589873,200.72134
0.8888889,0.969697,0.8858635,0.015771268,202.61742
0.8989899,0.969697,0.89592946,0.015952615,205.28416
0.90909094,0.969697,0.90599895,0.016134018,206.66309
0.9191919,0.969697,0.9160713,0.016315246,206.91045
0.9292929,0.969697,0.92613846,0.016496794,208.9981
0.93939394,0.969697,0.9362101,0.016678218,209.34102
0.94949496,0.969697,0.9462828,0.016859725,209.59097
0.959596,0.969697,0.95634884,0.017041523,212.10332
0.969697,0.969697,0.9664201,0.017223228,212.43318
0.97979796,0.969697,0.97648764,0.01740514,214.48247
0.989899,0.969697,0.98655635,0.017587028,216.05212
1.0,0.969697,0.9966241,0.01776904,217.81903
0.0,0.97979796,0.0,-0.0,0.0
0.01010101,0.97979796,0.010013951,-1.4065618e-07,46.528725
0.02020202,0.97979796,0.020024296,0.0001148658,84.95512
0.030303031,0.97979796,0.030071558,0.00023901663,102.799644
0.04040404,0.97979796,0.04015048,0.0003791005,106.51934
0.05050505,0.97979796,0.050234783,0.0005187454,107.845474
0.060606062,0.97979796,0.06032142,0.0006465996,108.53454
0.07070707,0.97979796,0.07040865,0.00077412074,108.82176
0.08080808,0.97979796,0.0804954,0.0008991246,109.59737
0.09090909,0.97979796,0.090582095,0.0010218453,110.56187
0.1010101,0.97979796,0.10066804,0.0011438805,111.87332
0.11111111,0.97979796,0.110753916,0.0012658308,113.20508
0.121212125,0.97979796,0.12083973,0.0013877214,114.53517
0.13131313,0.97979796,0.13092525,0.0015095298,116.032715
0.14141414,0.97979796,0.1410114,0.0016310965,117.21935
0.15151516,0.97979796,0.15109764,0.0017525682,118.38267
0.16161616,0.97979796,0.16118427,0.0018738487,119.36629
0.17171717,0.97979796,0.17127119,0.0019950618,120.246735
0.18181819,0.97979796,0.18135753,0.0021161342,121.42211
0.1919192,0.97979796,0.19144382,0.002237201,122.651505
0.2020202,0.97979796,0.20153108,0.0023582317,123.35994
0.21212122,0.97979796,0.21161747,0.0024792147,124.56361
0.22222222,0.97979796,0.22170389,0.0026001998,125.73853
0.23232323,0.97979796,0.23179011,0.0027212077,127.01424
0.24242425,0.97979796,0.24187711,0.0028422137,127.84947
0.25252524,0.97979796,0.25196308,0.0029632174,129.21574
0.26262626,0.97979796,0.2620488,0.0030842633,130.7116
0.27272728,0.97979796,0.27213457,0.0032052835,132.22289
0.28282827,0.97979796,0.28222117,0.003326346,133.24477
0.2929293,0.97979796,0.29230735,0.003447417,134.4761
0.3030303,0.97979796,0.3023937,0.0035685066,135.62392
0.3131313,0.97979796,0.3124793,0.0036896085,137.19043
0.32323232,0.97979796,0.32256556,0.0038107405,138.38745
0.33333334,0.97979796,0.33265188,0.0039319,139.49704
0.34343433,0.97979796,0.34273914,0.0040530255,140.18999
0.35353535,0.97979796,0.35282475,0.0041742,141.76523
0.36363637,0.97979796,0.36291152,0.0042954204,142.67038
0.37373737,0.97979796,0.37299702,0.0044166245,144.26936
0.3838384,0.97979796,0.38308415,0.0045378655,145.01662
0.3939394,0.97979796,0.39316997,0.0046591135,146.45866
0.4040404,0.97979796,0.40325695,0.0047803535,147.24307
0.41414142,0.97979796,0.41334283,0.0049016527,148.6592
0.42424244,0.97979796,0.42342952,0.0050229016,149.62158
0.43434343,0.97979796,0.43351704,0.0051442212,150.1489
0.44444445,0.97979796,0.44360268,0.005265554,151.64706
0.45454547,0.97979796,0.45368856,0.005386882,153.07408
0.46464646,0.97979796,0.4637743,0.005508222,154.63116
0.47474748,0.97979796,0.47386238,0.0056295465,154.79764
0.4848485,0.97979796,0.48394808,0.0057509392,156.36877
0.4949495,0.97979796,0.49403426,0.005872301,157.53699
0.5050505,0.97979796,0.5041197,0.0059937164,159.10915
0.5151515,0.97979796,0.51420766,0.006115069,159.51129
0.5252525,0.97979796,0.52429354,0.0062364433,160.8775
0.53535354,0.97979796,0.53437877,0.0063578594,162.64398
0.54545456,0.97979796,0.5444667,0.0064792517,163.07901
0.5555556,0.97979796,0.554553,0.0066006524,164.1734
0.56565654,0.97979796,0.5646394,0.0067220526,165.25294
0.57575756,0.97979796,0.5747251,0.0068435147,166.78302
0.5858586,0.97979796,0.58481205,0.006964907,167.57445
0.5959596,0.97979796,0.5948973,0.007086367,169.32333
0.6060606,0.97979796,0.6049846,0.0072077597,169.94429
0.61616164,0.97979796,0.61507016,0.0073292623,171.45085
0.6262626,0.97979796,0.62515557,0.007450721,173.1228
0.6363636,0.97979796,0.6352419,0.007572165,174.28915
0.64646465,0.97979796,0.64532834,0.007693669,175.37437
0.65656567,0.97979796,0.65541655,0.007815033,175.54974
0.6666667,0.97979796,0.6655021,0.007936559,177.1343
0.67676765,0.97979796,0.6755894,0.008058044,177.70761
0.68686867,0.97979796,0.6856749,0.008179542,179.30214
0.6969697,0.97979796,0.6957624,0.008301005,179.79741
0.7070707,0.97979796,0.70584595,0.008422617,182.59427
0.7171717,0.97979796,0.7159329,0.0085441135,183.31474
0.72727275,0.97979796,0.72601944,0.008665645,184.44713
0.7373737,0.97979796,0.73610646,0.0087871505,185.18138
0.74747473,0.97979796,0.7461937,0.0089087095,185.80267
0.75757575,0.97979796,0.7562789,0.009030296,187.6154
0.7676768,0.97979796,0.7663656,0.009151846,188.63249
0.7777778,0.97979796,0.776452,0.009273476,189.67288
0.7878788,0.97979796,0.78653795,0.009395082,191.0516
0.7979798,0.97979796,0.7966235,0.009516746,192.62228
0.8080808,0.97979796,0.80671215,0.009638296,192.58502
0.8181818,0.97979796,0.8167959,0.009760048,195.04791
0.82828283,0.97979796,0.82688206,0.00988176,196.18375
0.83838385,0.97979796,0.83697087,0.010003406,196.1614
0.8484849,0.97979796,0.8470577,0.010125053,197.0509
0.85858583,0.97979796,0.8571413,0.010246936,199.4919
0.86868685,0.97979796,0.8672306,0.010368645,199.13464
0.8787879,0.97979796,0.8773143,0.010490507,201.55478
0.8888889,0.97979796,0.8874013,0.010612329,202.56061
0.8989899,0.97979796,0.89748716,0.010734275,203.98143
0.90909094,0.97979796,0.90757275,0.010856173,205.42024
0.9191919,0.97979796,0.91765994,0.010978064,206.31487
0.9292929,0.97979796,0.9277472,0.011099998,206.71962
0.93939394,0.97979796,0.9378324,0.011222094,208.59409
0.94949496,0.97979796,0.94792104,0.011344076,208.44322
0.959596,0.97979796,0.95800346,0.011466289,211.51257
0.969697,0.97979796,0.96808785,0.011588554,213.8609
0.97979796,0.97979796,0.9781776,0.011710602,212.92958
0.989899,0.97979796,0.9882625,0.011832892,214.9757
1.0,0.97979796,0.9983469,0.011955249,217.1767
0.0,0.989899,0.0,-0.0,0.0
0.01010101,0.989899,0.010059132,-2.9722416e-06,43.654083
0.02020202,0.989899,0.020117512,5.445406e-05,82.55511
0.030303031,0.989899,0.030193048,0.00011555016,103.34317
0.04040404,0.989899,0.040286828,0.0001907565,106.48874
0.05050505,0.989899,0.05038335,0.0002624177,107.49603
0.060606062,0.989899,0.060480196,0.00032777368,108.33032
0.07070707,0.989899,0.07057741,0.0003923347,108.78199
0.08080808,0.989899,0.080674574,0.00045534104,109.444336
0.09090909,0.989899,0.090771414,0.0005172199,110.47206
0.1010101,0.989899,0.100868054,0.0005788353,111.70444
0.11111111,0.989899,0.1109645,0.0006403959,113.10765
0.121212125,0.989899,0.12106087,0.0007019288,114.57158
0.13131313,0.989899,0.13115741,0.00076340104,115.866455
0.14141414,0.989899,0.14125404,0.00082478713,117.08378
0.15151516,0.989899,0.1513508,0.00088607287,118.17999
0.16161616,0.989899,0.16144763,0.0009472948,119.21732
0.17171717,0.989899,0.17154448,0.001008455,120.24988
0.18181819,0.989899,0.18164125,0.0010695715,121.38552
0.1919192,0.989899,0.19173822,0.0011306567,122.29259
0.2020202,0.989899,0.20183504,0.0011917346,123.41116
0.21212122,0.989899,0.21193184,0.0012528064,124.54045
0.22222222,0.989899,0.22202857,0.0013138717,125.69323
0.23232323,0.989899,0.23212573,0.0013749261,126.4871
0.24242425,0.989899,0.24222183,0.0014359938,128.31685
0.25252524,0.989899,0.25231892,0.001497057,129.13097
0.26262626,0.989899,0.2624155,0.0015581416,130.4331
0.27272728,0.989899,0.27251214,0.0016192142,131.70284
0.28282827,0.989899,0.282609,0.0016803032,132.80931
0.2929293,0.989899,0.29270503,0.0017413954,134.67386
0.3030303,0.989899,0.30280185,0.0018024888,135.75978
0.3131313,0.989899,0.3128983,0.0018635907,137.2119
0.32323232,0.989899,0.32299548,0.0019247168,137.92015
0.33333334,0.989899,0.33309212,0.0019858324,139.21768
0.34343433,0.989899,0.3431883,0.0020469613,140.90524
0.35353535,0.989899,0.35328564,0.0021080922,141.44313
0.36363637,0.989899,0.3633824,0.0021692312,142.59898
0.37373737,0.989899,0.37347922,0.002230375,143.64922
0.3838384,0.989899,0.38357583,0.0022915336,144.9632
0.3939394,0.989899,0.39367244,0.0023527057,146.2734
0.4040404,0.989899,0.40376937,0.0024138785,147.20128
0.41414142,0.989899,0.4138661,0.0024750358,148.37999
0.42424244,0.989899,0.4239632,0.0025362133,149.20377
0.43434343,0.989899,0.43406013,0.0025973937,150.15791
0.44444445,0.989899,0.44415596,0.002658612,152.28079
0.45454547,0.989899,0.45425323,0.0027198037,152.918
0.46464646,0.989899,0.4643495,0.0027810014,154.53687
0.47474748,0.989899,0.4744464,0.0028421963,155.52835
0.4848485,0.989899,0.4845434,0.0029034053,156.42924
0.4949495,0.989899,0.49464035,0.0029645977,157.35883
0.5050505,0.989899,0.5047368,0.003025823,158.78983
0.5151515,0.989899,0.5148333,0.0030870717,160.2917
0.5252525,0.989899,0.5249304,0.0031482617,160.9739
0.53535354,0.989899,0.53502697,0.003209483,162.35446
0.54545456,0.989899,0.5451246,0.0032706868,162.65262
0.5555556,0.989899,0.5552202,0.0033319404,164.94414
0.56565654,0.989899,0.5653171,0.0033931686,165.8956
0.57575756,0.989899,0.57541376,0.0034543986,167.18341
0.5858586,0.989899,0.58551025,0.0035156414,168.55945
0.5959596,0.989899,0.59560746,0.003576859,169.34578
0.6060606,0.989899,0.6057036,0.0036381267,171.05403
0.61616164,0.989899,0.61580044,0.003699351,172.11507
0.6262626,0.989899,0.6258974,0.0037605977,172.94698
0.6363636,0.989899,0.6359946,0.00382182,173.65227
0.64646465,0.989899,0.64609104,0.0038830645,175.16211
0.65656567,0.989899,0.65618813,0.003944322,176.00768
0.6666667,0.989899,0.6662841,0.0040056026,177.95615
0.67676765,0.989899,0.6763813,0.0040668338,178.53845
0.68686867,0.989899,0.6864777,0.0041281222,180.06512
0.6969697,0.989899,0.69657475,0.0041893637,180.89182
0.7070707,0.989899,0.7066713,0.0042506685,182.30104
0.7171717,0.989899,0.7167685,0.0043119234,182.96564
0.72727275,0.989899,0.72686523,0.004373193,184.14162
0.7373737,0.989899,0.7369617,0.0044344906,185.46712
0.74747473,0.989899,0.74705917,0.0044957562,185.92607
0.75757575,0.989899,0.7571567,0.0045570214,186.29254
0.7676768,0.989899,0.76725346,0.004618334,187.31342
0.7777778,0.989899,0.77734977,0.0046796477,189.04396
0.7878788,0.989899,0.7874468,0.0047409767,189.8794
0.7979798,0.989899,0.7975432,0.004802312,191.33101
0.8080808,0.989899,0.8076393,0.0048636547,193.17157
0.8181818,0.989899,0.81773543,0.0049250065,194.87724
0.82828283,0.989899,0.8278319,0.004986375,196.30399
0.83838385,0.989899,0.83792907,0.005047743,197.07098
0.8484849,0.989899,0.8480264,0.005109078,197.68947
0.85858583,0.989899,0.85812277,0.005170473,199.14252
0.86868685,0.989899,0.8682194,0.005231882,200.3978
0.8787879,0.989899,0.87831557,0.005293315,202.1222
0.8888889,0.989899,0.8884127,0.0053547225,202.90697
0.8989899,0.989899,0.8985093,0.005416172,204.08533
0.90909094,0.989899,0.90860665,0.0054776054,204.85278
0.9191919,0.989899,0.9187028,0.0055390866,206.40329
0.9292929,0.989899,0.92880046,0.005600536,206.69833
0.93939394,0.989899,0.9388969,0.0056620496,208.09895
0.94949496,0.989899,0.9489934,0.0057235807,209.58836
0.959596,0.989899,0.95909,0.005785131,210.82555
0.969697,0.989899,0.96918714,0.0058466736,211.46657
0.97979796,0.989899,0.9792833,0.0059082797,213.31366
0.989899,0.989899,0.9893797,0.00596989,214.79991
1.0,0.989899,0.999476,0.0060315505,216.4618
0.0,1.0,0.0,-0.0,0.0
0.01010101,1.0,0.010101009,-0.0,39.484795
0.02020202,1.0,0.020202018,0.0,79.70484
0.030303031,1.0,0.03030303,0.0,102.374
0.04040404,1.0,0.040404037,0.0,106.41026
0.05050505,1.0,0.05050505,0.0,107.1812
0.060606062,1.0,0.06060606,0.0,107.722565
0.07070707,1.0,0.07070707,0.0,108.43047
0.08080808,1.0,0.08080807,0.0,108.99182
0.09090909,1.0,0.090909086,0.0,109.986015
0.1010101,1.0,0.1010101,0.0,111.44781
0.11111111,1.0,0.11111111,0.0,113.04494
0.121212125,1.0,0.12121212,0.0,114.41508
0.13131313,1.0,0.13131313,0.0,115.95058
0.14141414,1.0,0.14141414,0.0,117.318436
0.15151516,1.0,0.15151516,0.0,118.41994
0.16161616,1.0,0.16161615,0.0,119.428535
0.17171717,1.0,0.17171717,0.0,120.536995
0.18181819,1.0,0.18181817,0.0,121.65336
0.1919192,1.0,0.1919192,0.0,122.5626
0.2020202,1.0,0.2020202,0.0,123.48176
0.21212122,1.0,0.21212122,0.0,124.58458
0.22222222,1.0,0.22222222,0.0,125.717735
0.23232323,1.0,0.23232321,0.0,127.12574
0.24242425,1.0,0.24242423,0.0,128.04851
0.25252524,1.0,0.25252524,0.0,129.34895
0.26262626,1.0,0.26262626,0.0,130.71538
0.27272728,1.0,0.27272728,0.0,131.63242
0.28282827,1.0,0.28282827,0.0,133.06331
0.2929293,1.0,0.2929293,0.0,134.62944
0.3030303,1.0,0.3030303,0.0,135.62068
0.3131313,1.0,0.31313127,0.0,136.94058
0.32323232,1.0,0.3232323,0.0,138.44681
0.33333334,1.0,0.33333334,0.0,139.5752
0.34343433,1.0,0.34343433,0.0,140.34958
0.35353535,1.0,0.35353532,0.0,141.54243
0.36363637,1.0,0.36363634,0.0,142.59224
0.37373737,1.0,0.37373737,0.0,143.66035
0.3838384,1.0,0.3838384,0.0,144.64493
0.3939394,1.0,0.3939394,0.0,145.84427
0.4040404,1.0,0.4040404,0.0,146.81892
0.41414142,1.0,0.41414142,0.0,148.23341
0.42424244,1.0,0.42424244,0.0,149.53423
0.43434343,1.0,0.4343434,0.0,150.60501
0.44444445,1.0,0.44444445,0.0,151.1215
0.45454547,1.0,0.45454547,0.0,152.6329
0.46464646,1.0,0.46464643,0.0,154.38576
0.47474748,1.0,0.47474745,0.0,155.03235
0.4848485,1.0,0.48484847,0.0,156.54335
0.4949495,1.0,0.4949495,0.0,157.64273
0.5050505,1.0,0.5050505,0.0,158.41255
0.5151515,1.0,0.5151515,0.0,160.29243
0.5252525,1.0,0.5252525,0.0,160.73799
0.53535354,1.0,0.53535354,0.0,161.79544
0.54545456,1.0,0.54545456,0.0,163.34953
0.5555556,1.0,0.5555556,0.0,164.3898
0.56565654,1.0,0.56565654,0.0,166.2941
0.57575756,1.0,0.57575756,0.0,167.43391
0.5858586,1.0,0.5858586,0.0,167.55371
0.5959596,1.0,0.59595954,0.0,168.85489
0.6060606,1.0,0.6060606,0.0,170.784
0.61616164,1.0,0.61616164,0.0,171.55151
0.6262626,1.0,0.62626255,0.0,172.34612
0.6363636,1.0,0.6363636,0.0,173.4646
0.64646465,1.0,0.6464646,0.0,174.5983
0.65656567,1.0,0.65656567,0.0,175.86632
0.6666667,1.0,0.6666667,0.0,176.74942
0.67676765,1.0,0.67676765,0.0,178.36075
0.68686867,1.0,0.68686867,0.0,179.86374
0.6969697,1.0,0.6969697,0.0,179.75237
0.7070707,1.0,0.70707065,0.0,181.50787
0.7171717,1.0,0.71717167,0.0,182.16934
0.72727275,1.0,0.7272727,0.0,184.08205
0.7373737,1.0,0.7373737,0.0,184.26743
0.74747473,1.0,0.74747473,0.0,186.37695
0.75757575,1.0,0.75757575,0.0,187.32224
0.7676768,1.0,0.7676768,0.0,188.52843
0.7777778,1.0,0.7777778,0.0,189.43787
0.7878788,1.0,0.7878788,0.0,190.12605
0.7979798,1.0,0.7979797,0.0,191.79688
0.8080808,1.0,0.8080808,0.0,192.99239
0.8181818,1.0,0.8181818,0.0,194.21614
0.82828283,1.0,0.82828283,0.0,195.41092
0.83838385,1.0,0.83838385,0.0,196.78574
0.8484849,1.0,0.8484849,0.0,197.9721
0.85858583,1.0,0.8585858,0.0,198.69537
0.86868685,1.0,0.8686868,0.0,199.32861
0.8787879,1.0,0.8787878,0.0,201.68
0.8888889,1.0,0.8888889,0.0,201.8257
0.8989899,1.0,0.8989899,0.0,203.1723
0.90909094,1.0,0.90909094,0.0,205.03311
0.9191919,1.0,0.9191919,0.0,206.75049
0.9292929,1.0,0.92929286,0.0,207.26929
0.93939394,1.0,0.9393939,0.0,208.39767
0.94949496,1.0,0.9494949,0.0,209.19571
0.959596,1.0,0.9595959,0.0,210.58197
0.969697,1.0,0.96969694,0.0,211.71188
0.97979796,1.0,0.97979796,0.0,213.63602
0.989899,1.0,0.989899,0.0,214.46838
1.0,1.0,1.0,0.0,216.43675
